make: 'langford_solver' is up to date.
Triplets 1 9
Cost 73
8 1 1 1 9 2 4 2 8 2 4 6 7 9 4 5 8 6 3 7 5 3 9 6 3 5 7
Final cost 75
Solutions 1
Triplets 2 9
Final cost 125
Solutions 0
Triplets 1 10
Cost 265
3 7 8 3 10 4 3 5 7 4 8 9 5 4 10 7 6 5 8 2 9 2 6 2 10 1 1 1 6 9
Final cost 275
Solutions 1
Triplets 2 10
Cost 28
2 9 2 10 2 6 3 7 8 3 9 6 3 10 7 5 8 6 4 9 5 7 4 10 8 5 4
Final cost 34
Solutions 1
Triplets 1 11
Cost 82
3 7 5 3 10 11 3 5 7 4 8 9 5 4 10 7 11 4 8 6 9 1 1 1 10 6 8 11 2 9 2 6 2
Final cost 90
Solutions 1
Triplets 2 11
Cost 313
2 4 2 11 2 4 5 10 7 4 9 5 6 8 11 7 5 10 6 9 3 8 7 3 6 11 3 10 9 8
Final cost 320
Solutions 1
Triplets 1 18
Cost 86
17 13 14 10 16 7 9 2 18 2 11 2 7 10 13 9 14 17 15 7 16 11 3 10 9 3 18 13 3 12 14 8 11 15 17 5 16 6 4 8 5 12 4 6 18 5 4 8 15 6 1 1 1 12
Final cost 141
Solutions 1
Triplets 2 18
Cost 4100
5 16 7 12 15 5 17 18 3 7 5 3 10 13 3 12 7 16 6 15 11 14 10 17 6 18 13 12 8 9 6 11 10 16 15 14 8 4 9 13 17 4 11 18 8 4 2 9 2 14 2
Final cost 4132
Solutions 1
Triplets 1 19
Cost 1053
17 13 14 15 8 1 1 1 18 19 11 12 8 6 13 7 14 17 15 6 8 11 7 12 16 6 18 13 19 7 14 10 11 15 17 12 3 9 5 3 16 10 3 5 18 4 9 19 5 4 2 10 2 4 2 9 16
Final cost 1097
Solutions 1
Triplets 2 19
Cost 10899
18 4 15 10 17 4 5 19 11 4 12 5 8 10 13 16 5 15 18 11 8 17 12 10 9 14 19 13 8 6 11 16 15 9 12 6 18 7 17 14 13 6 9 3 7 19 3 16 2 3 2 7 2 14
Final cost 10938
Solutions 1
Triplets 1 20
Cost 285
2 17 2 14 2 11 4 8 12 20 4 1 1 1 4 8 11 14 17 18 12 19 6 8 15 16 10 11 6 20 13 14 12 9 6 17 10 18 7 15 19 16 9 13 3 7 10 3 5 20 3 9 7 5 15 18 13 16 5 19
Final cost 363
Solutions 1
Triplets 2 20
Cost 6935
18 5 15 16 10 8 5 19 20 7 12 5 13 8 10 14 7 15 18 16 17 8 12 7 10 13 19 6 20 14 11 9 15 6 12 16 18 17 13 6 9 11 2 14 2 19 2 4 20 9 3 4 11 3 17 4 3
Final cost 6974
Solutions 1
Triplets 1 27
Cost 7154
25 20 22 23 24 5 21 2 14 2 5 2 26 27 9 5 19 17 1 1 1 20 14 9 22 25 23 21 24 4 15 8 9 4 17 19 14 4 26 8 27 20 16 18 13 15 22 8 21 23 25 17 24 10 19 11 12 13 16 6 15 18 7 10 26 6 11 27 12 7 13 6 3 10 16 3 7 11 3 18 12
Final cost 7272
Solutions 1
Triplets 2 27
Cost 2763
26 20 23 7 16 4 17 24 21 4 7 27 2 4 2 19 2 7 12 8 16 20 11 17 25 23 26 8 9 21 12 24 22 11 19 8 16 9 27 18 17 20 12 13 11 14 9 15 23 25 21 10 26 19 22 24 13 18 5 14 6 10 15 5 3 27 6 3 5 13 3 10 6 14 25 18 22 15
Final cost 2889
Solutions 1
Triplets 1 28
Cost 4514
11 25 18 7 15 16 9 1 1 1 7 11 2 28 2 9 2 7 5 15 18 16 11 5 9 21 25 26 5 27 22 23 8 24 15 20 14 16 18 4 8 28 17 4 19 13 21 4 8 12 14 25 22 26 23 20 27 24 13 17 10 12 3 19 14 3 6 21 3 28 10 13 6 12 22 20 17 23 6 26 10 24 19 27
Final cost 4680
Solutions 1
Triplets 2 28
Cost 1963
26 20 23 7 25 4 22 8 24 4 7 27 28 4 16 8 21 7 2 15 2 20 2 8 19 23 26 9 22 25 16 13 24 14 15 18 9 21 27 12 28 20 17 19 13 9 16 14 23 15 22 12 26 18 25 11 24 13 21 17 10 14 19 12 5 27 11 6 28 5 10 18 3 6 5 3 17 11 3 6 10
Final cost 2083
Solutions 1
Triplets 1 29
Cost 6068
22 27 23 24 25 26 6 19 11 15 5 12 6 28 29 5 18 21 6 11 5 16 22 12 15 23 19 24 27 25 11 26 17 7 18 12 10 16 21 15 7 28 20 29 22 19 10 7 23 17 14 24 18 16 25 27 10 26 13 21 8 9 20 2 14 2 17 2 8 28 9 13 29 1 1 1 8 4 14 9 3 4 20 3 13 4 3
Final cost 6210
Solutions 1
Triplets 2 29
Cost 334
28 22 25 26 21 16 18 6 23 13 5 3 29 6 3 5 14 3 15 6 5 16 13 22 18 21 27 25 28 26 14 23 17 15 24 13 2 16 2 20 2 29 18 19 14 22 21 10 15 17 11 12 25 27 23 26 28 10 24 20 8 11 19 12 7 9 17 10 8 4 29 7 11 4 9 12 8 4 7 20 27 19 24 9
Final cost 492
Solutions 1
Triplets 1 36
Cost 5376
11 33 1 1 1 8 22 19 17 7 10 11 3 8 5 3 7 36 3 5 10 8 11 7 5 17 19 25 22 29 10 26 27 30 33 34 24 35 9 31 14 32 17 28 2 19 2 9 2 16 22 23 25 36 14 20 9 26 29 27 24 15 18 30 21 16 13 33 14 34 31 28 35 32 23 20 15 25 12 13 18 16 6 26 24 21 27 29 6 36 12 15 13 30 6 20 4 23 18 28 4 31 12 34 4 32 21 35
Final cost 5677
Solutions 1
Triplets 2 36
Cost 34653
34 28 31 29 33 23 30 6 32 15 25 7 18 6 24 35 36 14 7 6 3 26 27 3 15 7 3 16 23 28 18 14 29 31 34 25 30 33 24 15 32 13 2 16 2 14 2 26 18 27 35 23 36 22 13 19 21 28 11 16 25 29 24 20 31 17 30 13 34 11 33 8 32 26 19 22 27 21 12 8 11 10 17 20 5 35 9 8 36 5 12 10 4 19 5 9 4 22 21 17 4 10 12 20 9
Final cost 34870
Solutions 1
Triplets 1 37
Cost 5000
29 35 31 32 28 34 25 27 19 33 30 26 4 17 5 13 4 36 37 5 4 1 1 1 5 20 23 19 13 29 17 25 28 31 27 32 35 26 6 34 30 13 33 8 6 20 19 17 18 23 6 8 24 36 14 37 25 22 29 8 28 27 21 26 31 20 18 32 14 11 30 35 23 34 16 33 24 10 15 22 11 7 14 21 18 9 12 10 7 36 16 11 37 15 9 7 3 10 12 3 24 22 3 9 21 2 16 2 15 2 12
Final cost 5252
Solutions 1
Triplets 2 37
Cost 4948
36 24 33 28 29 23 26 30 22 18 8 2 34 2 3 2 37 3 8 21 3 27 17 31 20 24 8 18 23 9 22 28 26 29 35 33 36 30 9 17 21 25 32 14 20 18 34 9 27 24 5 23 22 37 31 5 17 14 26 28 5 21 29 19 20 16 25 30 33 35 7 14 36 15 32 27 10 7 11 13 34 16 19 12 7 31 10 6 15 11 37 25 13 6 4 12 10 16 4 6 11 19 4 15 35 13 32 12
Final cost 5234
Solutions 1
Triplets 1 38
Cost 883
37 33 34 30 36 27 29 32 35 21 31 18 19 7 24 2 6 2 38 2 7 28 6 25 22 20 16 7 6 18 21 19 27 30 33 29 34 37 24 32 36 31 16 35 8 20 22 18 25 28 19 21 8 1 1 1 38 23 16 27 8 26 24 30 29 20 17 33 22 12 34 32 31 25 37 15 36 28 35 9 23 12 13 17 14 11 3 26 9 3 15 10 3 12 38 13 11 9 14 5 17 10 4 23 5 15 4 11 13 5 4 10 14 26
Final cost 1180
Solutions 1
Triplets 2 38
Cost 2560
13 36 8 33 5 35 9 22 20 5 8 24 26 13 5 9 37 38 8 2 7 2 17 2 9 21 13 7 20 22 14 34 18 27 7 24 33 36 26 17 35 30 10 31 14 32 21 25 20 29 18 22 10 37 28 38 17 23 14 24 27 15 10 16 26 34 19 21 18 33 11 30 25 36 31 35 15 32 29 16 23 11 28 3 12 19 3 27 6 3 37 15 11 38 6 16 12 25 4 34 6 30 4 23 19 31 4 29 12 32 28
Final cost 2830
Solutions 1
Triplets 1 45
Cost 54195
38 43 39 40 41 42 33 35 29 31 36 37 22 23 19 2 34 2 7 2 3 44 45 3 25 7 3 27 1 1 1 24 7 19 22 28 23 29 38 33 31 39 35 40 43 41 36 42 37 25 34 9 19 4 27 24 22 4 6 23 9 4 32 28 6 44 29 45 30 9 6 31 33 20 25 21 38 35 26 24 39 27 36 40 34 37 41 43 18 42 15 28 8 20 32 12 21 13 30 17 8 14 16 11 26 15 18 12 8 44 13 10 45 20 11 14 17 21 16 12 15 10 5 13 18 11 32 5 30 14 26 10 5 17 16
Final cost 54584
Solutions 1
Triplets 2 45
Cost 32569
44 36 41 33 37 42 34 4 31 29 38 4 23 18 20 4 30 2 7 2 45 2 35 5 28 7 19 39 5 32 21 18 7 5 20 23 33 36 29 31 34 37 43 41 44 19 30 42 38 18 40 21 28 15 20 24 3 35 23 3 27 32 3 14 19 45 39 29 15 33 31 25 21 36 34 26 30 14 37 24 28 17 22 15 41 43 38 27 44 42 40 14 35 32 13 11 25 16 17 12 9 26 10 24 22 39 11 13 8 9 45 12 10 16 27 17 8 11 9 6 13 25 10 12 8 6 22 26 43 16 40 6
Final cost 33004
Solutions 1
Triplets 1 46
Cost 6554
45 41 42 38 44 35 37 40 43 30 39 27 23 24 20 31 34 8 9 2 6 2 46 2 36 8 6 9 25 33 26 21 6 8 20 23 9 24 27 30 35 38 41 37 42 45 31 40 44 39 34 43 21 25 20 4 26 32 23 4 36 24 33 4 3 27 19 3 46 30 3 22 28 21 17 35 29 31 25 38 37 18 26 41 34 19 42 40 39 32 45 17 44 22 43 33 36 15 12 18 28 5 11 16 19 29 5 13 17 14 12 5 15 11 46 22 10 18 7 16 13 32 12 14 11 7 10 15 28 1 1 1 7 13 29 16 10 14
Final cost 7013
Solutions 1
Triplets 2 46
Cost 10970
9 44 20 41 28 43 30 6 25 9 7 26 11 6 13 10 15 7 9 6 45 46 20 11 7 10 2 13 2 21 2 15 28 25 11 10 30 26 16 42 13 38 20 32 41 44 15 36 43 39 21 35 24 40 16 27 17 37 25 33 28 34 18 26 5 45 30 46 29 5 16 21 31 17 5 32 24 19 23 38 18 42 27 36 22 41 35 12 39 44 17 43 33 40 37 34 19 29 18 12 24 23 3 31 14 3 22 32 3 27 45 12 4 46 8 19 4 38 14 36 4 35 8 42 23 33 29 39 22 34 8 37 14 40 31
Final cost 11391
Solutions 1
Triplets 1 47
Cost 16345
45 40 42 43 44 37 41 33 35 30 28 24 25 36 22 38 39 17 32 7 5 31 46 47 4 5 7 2 4 2 5 2 4 7 17 24 22 25 28 30 33 40 37 35 42 45 43 41 44 36 32 17 31 38 23 39 9 3 22 24 3 19 25 3 20 9 28 29 46 30 47 34 15 33 9 26 27 23 35 37 19 40 32 31 20 36 42 15 41 43 45 38 44 18 39 21 29 13 10 19 23 26 15 27 20 34 16 12 10 6 13 18 14 11 46 6 21 47 10 12 8 6 16 13 11 29 14 26 8 18 27 12 1 1 1 11 8 21 16 34 14
Final cost 16775
Solutions 1
Triplets 2 47
Cost 96225
46 38 43 32 39 44 36 29 33 31 40 21 26 6 23 16 35 3 15 6 3 47 4 3 5 6 4 28 41 5 4 16 21 15 5 32 29 23 26 38 31 33 36 39 45 43 46 16 15 44 40 35 42 21 8 28 24 34 37 2 23 2 8 2 26 29 9 32 47 41 8 31 27 30 33 9 20 38 36 19 24 25 39 28 9 22 35 18 43 45 40 34 46 44 42 37 20 12 19 27 14 17 10 30 24 18 25 22 11 12 41 13 10 7 14 47 20 19 17 11 7 12 10 18 13 34 27 7 14 22 11 25 37 30 45 17 42 13
Final cost 96695
Solutions 1
Triplets 1 54
Cost 92630
53 49 50 46 52 43 45 48 51 37 47 34 35 31 29 39 25 44 22 41 19 21 8 2 5 2 54 2 42 5 8 38 33 40 5 1 1 1 8 19 22 25 21 29 31 34 37 35 43 46 49 45 50 53 39 48 52 47 19 51 41 44 22 21 14 33 25 7 9 38 42 13 29 40 7 31 24 9 14 34 54 7 35 37 13 26 9 36 27 30 28 43 14 39 32 46 45 13 33 49 24 41 50 48 47 44 53 38 52 23 51 26 42 40 15 27 11 18 28 30 16 20 17 36 24 3 32 11 3 15 10 3 23 12 54 18 16 26 11 17 10 20 27 4 15 12 28 4 6 30 10 4 16 18 6 23 17 12 32 36 6 20
Final cost 93267
Solutions 1
Triplets 2 54
Cost 93772
9 52 38 49 28 51 20 16 13 9 32 11 18 7 15 2 19 2 9 2 7 13 11 16 53 54 20 7 22 15 18 6 28 11 13 19 30 6 26 16 38 40 32 6 15 46 20 50 18 39 22 34 49 52 19 44 51 47 29 41 28 48 31 43 26 45 30 36 8 42 25 37 22 21 32 27 8 53 38 54 3 40 35 3 8 34 3 29 39 23 26 46 33 31 21 25 30 50 24 44 41 49 27 36 47 52 43 51 37 48 45 42 23 5 17 21 29 35 5 34 25 40 24 5 31 33 12 39 14 27 53 17 4 54 10 23 4 46 12 36 4 41 14 44 10 37 24 50 17 43 12 47 35 42 10 45 14 48 33
Final cost 94367
Solutions 1
Triplets 1 55
Cost 35601
53 48 50 51 52 39 49 41 43 38 40 46 33 47 29 31 42 23 24 20 45 10 8 44 5 37 54 55 4 5 8 10 4 2 5 2 4 2 8 20 23 10 24 29 39 33 31 38 41 48 40 43 50 53 51 49 52 46 42 20 47 34 37 23 28 45 24 44 30 6 3 25 29 3 19 6 3 31 33 35 54 6 55 39 17 38 36 26 27 41 40 32 28 19 43 34 25 48 30 37 42 17 50 46 49 51 53 47 52 21 45 44 19 26 35 27 11 14 17 22 28 25 36 32 16 18 9 11 30 34 21 14 15 13 54 9 12 55 11 26 16 22 27 18 9 14 13 15 12 35 7 21 1 1 1 32 16 7 36 13 12 18 15 22 7
Final cost 36215
Solutions 1
Triplets 2 55
Cost 159094
54 46 51 52 47 43 44 39 41 28 48 29 45 25 31 13 40 6 26 8 11 9 21 6 38 55 33 8 13 6 9 11 49 35 27 8 42 28 25 9 29 13 11 21 26 31 39 46 43 41 44 47 53 51 54 52 40 45 48 33 50 27 38 25 21 28 23 4 35 29 26 4 7 36 37 4 31 18 42 7 55 49 32 16 34 39 7 30 27 23 41 43 33 46 44 18 40 22 47 16 38 24 45 35 51 53 48 52 54 36 50 37 23 18 32 16 20 30 34 22 42 19 10 5 15 24 12 17 5 14 49 3 10 5 3 55 20 3 12 15 19 22 10 14 17 36 32 30 37 24 12 2 34 2 15 2 20 14 53 19 50 17
Final cost 159741
Solutions 1
Triplets 1 56
Cost 1338
7 53 16 19 20 10 30 7 15 12 18 9 23 3 7 10 3 31 16 3 9 12 19 15 20 10 26 56 18 9 1 1 1 12 16 23 30 47 15 25 5 19 14 45 20 5 18 29 31 46 5 39 26 50 53 54 14 55 23 51 17 52 34 48 25 36 30 41 49 33 14 43 13 27 44 40 29 17 26 31 42 35 38 56 47 13 37 6 45 25 39 28 32 6 17 46 34 24 13 6 27 36 33 50 21 29 22 53 41 54 51 48 55 52 43 40 35 49 44 28 38 24 42 37 32 21 8 27 22 39 34 47 11 45 8 33 2 36 2 56 2 46 8 11 4 24 21 28 4 41 22 35 4 50 11 40 32 43 38 48 37 51 44 54 42 52 49 55
Final cost 2090
Solutions 1
Triplets 2 56
Cost 5708
54 49 51 46 53 43 50 38 52 34 45 31 40 33 44 26 35 27 48 21 39 42 47 12 7 55 56 3 4 41 3 7 4 3 30 12 4 28 7 37 21 26 31 34 27 38 33 12 43 46 49 35 40 51 54 45 50 53 44 39 52 21 13 42 30 28 48 26 29 47 41 27 9 31 22 13 37 34 25 33 55 9 56 38 23 32 35 14 13 36 9 43 40 28 30 46 22 29 39 49 45 14 44 25 51 42 50 23 54 24 53 41 52 37 48 14 47 32 22 18 16 19 17 11 20 36 29 2 25 2 23 2 15 24 11 55 16 18 56 17 19 5 8 10 20 11 5 15 6 32 8 5 16 10 6 18 17 24 8 19 6 36 15 10 20
Final cost 6335
Solutions 1
Triplets 1 63
Cost 34430
61 56 58 59 60 46 57 49 51 45 48 54 43 40 38 35 55 53 31 29 47 52 25 23 44 41 9 7 50 8 62 63 42 3 7 9 3 8 2 3 2 7 2 36 9 8 23 25 29 31 35 46 38 40 45 43 49 56 48 51 58 61 59 57 60 54 41 47 44 23 53 55 25 52 42 28 12 29 50 36 31 5 27 6 33 35 5 21 12 6 38 5 62 40 63 6 39 46 43 45 12 32 37 28 34 49 48 41 21 27 51 30 44 56 47 36 42 33 58 54 57 59 61 53 60 52 55 26 50 21 16 28 19 32 22 39 27 24 34 37 4 30 13 17 4 18 16 20 4 10 33 19 14 26 62 13 22 63 15 10 17 24 16 18 11 32 14 20 13 10 19 30 34 15 39 11 37 17 22 26 14 18 1 1 1 24 11 20 15
Final cost 35259
Solutions 1
Triplets 2 63
Cost 349817
62 54 59 60 55 51 52 47 49 39 56 12 53 19 38 13 48 4 32 26 33 4 27 12 46 4 41 6 13 63 50 3 19 6 3 12 57 3 45 6 29 13 31 35 44 26 28 42 39 27 32 19 38 33 47 54 51 49 52 55 61 59 62 60 48 53 56 41 58 29 46 26 43 31 28 10 27 7 35 20 50 30 32 45 7 10 33 39 44 42 38 7 63 57 23 10 40 36 29 20 34 47 28 22 31 37 49 51 41 54 52 30 48 35 55 43 46 23 53 20 59 61 56 60 62 22 58 25 45 16 50 42 44 36 34 24 40 17 11 14 23 30 37 21 18 16 5 22 15 11 57 5 25 14 17 63 5 9 43 24 11 16 18 15 21 8 9 14 34 36 2 17 2 8 2 9 40 25 15 37 18 8 61 24 58 21
Final cost 350708
Solutions 1
Triplets 1 64
Cost 16143
21 61 17 15 13 22 16 18 38 23 5 1 1 1 25 5 19 13 15 17 5 21 16 14 34 18 26 22 6 31 13 64 23 15 6 19 17 14 16 25 6 29 21 18 3 28 38 3 20 22 3 14 26 27 19 23 46 54 34 55 31 58 61 62 25 63 52 59 20 60 29 56 44 28 39 49 57 45 26 51 27 40 53 48 38 30 50 11 20 43 47 31 34 12 9 64 42 37 11 29 41 28 46 9 36 12 33 27 35 11 32 54 9 39 55 30 44 12 52 58 24 40 45 61 49 62 59 56 63 60 51 48 43 57 37 53 50 47 42 33 36 41 32 35 24 30 10 8 46 2 7 2 39 2 4 8 10 7 4 64 44 40 4 8 7 54 10 45 24 55 52 37 33 49 32 43 36 58 35 48 42 51 41 56 47 59 50 62 53 60 57 63
Final cost 17099
Solutions 1
Triplets 2 64
Cost 22312
62 57 59 54 61 50 58 47 60 43 53 31 48 35 45 19 51 29 56 8 46 15 55 10 32 6 44 8 41 63 64 6 52 10 19 8 15 6 34 39 49 40 31 10 27 37 29 33 35 30 26 15 43 19 47 50 32 54 57 45 48 59 62 53 58 61 46 51 60 41 44 27 34 31 56 29 26 55 39 30 33 40 37 35 52 42 5 3 32 49 3 5 63 3 64 43 5 38 27 24 25 47 26 28 45 50 34 36 48 30 41 54 46 33 44 57 53 39 51 37 59 40 58 24 62 25 61 42 60 17 56 28 55 21 18 38 52 7 49 22 13 23 20 36 7 11 17 24 12 16 25 7 18 13 21 63 11 14 64 28 12 22 20 17 23 16 13 11 9 42 18 14 12 38 2 21 2 9 2 36 4 16 20 22 4 14 9 23 4
Final cost 23168
Solutions 1
Triplets 1 65
Cost 32398
58 63 59 60 61 62 53 55 49 51 56 57 42 43 39 37 54 29 33 30 35 50 28 25 52 11 46 8 41 45 7 64 65 6 48 8 11 7 47 6 1 1 1 8 7 6 29 11 25 30 28 33 37 39 42 35 43 49 58 53 51 59 55 60 63 61 56 62 57 41 54 50 46 25 45 29 52 14 28 30 34 13 48 32 33 47 27 44 5 37 35 14 39 5 13 64 42 65 5 43 4 38 31 40 4 14 49 13 4 36 41 51 53 27 34 32 58 55 46 45 59 50 56 60 54 57 61 63 52 62 48 44 47 31 20 3 24 26 3 38 27 3 19 40 21 36 23 32 34 22 16 2 18 2 20 2 17 15 10 64 24 19 65 26 31 21 16 12 10 23 18 22 15 17 20 44 9 38 10 12 19 36 16 40 24 9 21 15 18 26 17 12 23 22 9
Final cost 33283
Solutions 1
Triplets 2 65
Cost 883326
64 56 61 62 57 53 54 49 51 42 58 38 55 39 40 33 50 11 37 13 30 26 31 46 48 52 10 7 11 47 65 44 13 5 7 36 10 59 5 11 2 7 2 5 2 13 10 26 33 38 30 42 39 31 40 37 49 56 53 51 54 57 63 61 64 62 50 55 58 46 60 36 48 26 16 44 47 52 4 9 30 33 4 29 31 24 4 38 9 45 16 39 37 42 40 65 59 9 3 41 32 3 34 43 3 49 16 36 35 24 51 53 29 56 54 46 50 28 57 44 48 27 55 47 61 63 58 62 64 52 60 23 32 24 45 17 34 25 19 22 41 29 21 35 12 28 43 6 27 18 15 20 17 6 23 59 12 19 14 6 65 22 25 21 32 15 8 18 12 17 34 20 14 28 8 27 19 23 35 45 15 41 8 22 21 18 14 25 63 43 60 20
Final cost 884258
Solutions 1
Triplets 1 72
Cost 439085
18 69 22 13 23 8 25 27 20 46 16 26 31 8 39 17 13 21 18 14 24 8 19 35 22 37 16 23 20 13 36 25 17 14 27 72 18 26 21 6 12 19 16 31 24 6 22 14 20 17 23 6 12 39 28 46 25 29 35 21 19 27 37 26 12 62 36 63 24 66 69 70 48 71 31 67 60 68 47 64 54 52 28 57 65 53 29 59 38 42 61 56 39 35 58 34 41 51 55 37 11 46 36 3 50 45 3 72 49 3 28 11 44 4 5 29 43 4 40 5 48 4 11 32 5 47 38 62 33 34 63 42 30 52 54 66 60 41 53 69 57 70 67 64 71 68 59 56 51 65 45 61 58 55 50 32 44 49 40 43 15 33 30 34 38 9 10 2 48 2 7 2 47 42 9 15 10 7 41 72 1 1 1 9 7 52 10 32 54 62 15 53 30 63 33 45 60 57 40 51 44 66 43 56 50 59 49 64 55 67 58 70 61 68 65 71
Final cost 440292
Solutions 1
Triplets 2 72
Cost 29014
70 65 67 58 69 59 66 43 68 53 61 47 56 41 60 17 51 18 64 10 55 31 63 34 39 6 62 14 50 10 35 6 17 71 72 18 45 6 42 10 37 14 57 2 54 2 33 2 36 17 43 46 31 18 41 14 52 34 47 48 49 58 53 39 59 35 65 51 56 67 70 61 66 69 60 55 68 37 50 33 42 45 64 31 36 63 3 7 62 3 13 34 3 43 7 41 29 46 54 57 35 7 39 13 71 47 72 48 52 49 27 24 33 44 37 53 13 16 51 58 36 30 42 59 56 29 45 38 50 40 55 65 61 16 60 24 67 27 66 28 70 32 69 46 68 26 64 15 63 16 62 30 54 23 29 48 57 44 49 24 52 25 15 22 27 38 21 28 12 40 20 26 11 32 19 71 23 15 72 5 12 30 9 11 5 22 25 21 8 5 20 9 12 19 11 28 8 26 4 23 9 44 4 38 8 32 4 22 21 40 20 25 19
Final cost 30094
Solutions 1
Triplets 1 73
Cost 157567
66 71 67 68 69 70 61 63 57 59 64 65 50 51 47 48 62 60 42 38 39 35 36 32 55 29 27 54 58 11 9 7 10 49 56 72 73 6 7 9 11 44 10 6 3 7 53 3 9 6 3 11 10 27 29 32 35 38 36 39 42 47 50 48 51 57 66 61 59 67 63 68 71 69 64 70 65 60 62 55 27 54 49 29 40 44 58 32 33 12 56 35 34 37 36 38 52 26 39 53 25 12 42 1 1 1 45 72 47 73 4 48 50 12 4 51 41 30 4 46 43 33 57 26 40 25 34 59 61 44 37 49 66 63 55 54 67 60 64 68 62 65 69 71 58 70 56 30 52 26 25 45 53 16 33 31 24 41 15 28 34 22 8 43 40 46 18 37 23 16 8 19 20 15 21 14 17 30 8 72 24 13 73 22 18 16 31 28 15 14 19 23 20 17 13 21 45 2 41 2 52 2 18 14 24 22 43 13 5 19 17 46 20 5 23 28 21 31 5
Final cost 158711
Solutions 1
Triplets 2 73
Cost 96678
72 64 69 70 65 61 62 57 59 50 66 51 63 45 49 42 58 60 43 41 32 35 33 13 56 54 28 4 11 9 7 4 8 53 73 4 13 7 9 11 8 67 55 46 7 40 52 9 8 13 11 36 32 47 28 33 35 42 45 50 41 43 51 49 57 64 61 59 62 65 71 69 72 70 58 63 66 60 68 54 56 12 28 37 32 40 53 36 33 46 6 35 39 12 34 29 6 55 52 42 47 41 6 45 43 12 5 73 67 50 48 5 49 51 31 2 5 2 38 2 37 57 44 36 29 40 59 61 34 64 62 39 58 54 65 46 56 60 63 53 69 71 66 70 72 31 68 47 24 25 52 26 55 29 27 30 38 37 48 14 22 18 34 15 19 21 44 23 16 20 39 17 24 14 25 67 31 26 15 18 73 27 22 19 16 30 21 14 17 20 23 10 3 15 38 3 24 18 3 25 16 10 19 26 22 17 48 21 27 20 44 10 71 23 68 30
Final cost 97859
Solutions 1
Triplets 1 74
Cost 55526
73 69 70 66 72 63 65 68 71 57 67 54 55 51 60 48 62 64 43 61 40 41 37 35 33 31 56 28 13 59 10 53 7 2 9 2 74 2 47 7 10 13 44 9 58 3 7 52 3 42 10 3 9 36 13 28 31 33 35 37 40 43 41 48 51 54 57 55 63 66 69 65 70 73 60 68 72 67 62 71 61 64 56 28 53 47 44 31 59 36 33 42 32 35 34 17 37 8 11 52 40 26 58 41 43 8 1 1 1 11 74 48 17 8 50 51 39 49 45 54 11 38 55 57 32 36 46 26 34 17 44 63 47 42 60 66 65 53 56 69 62 61 70 68 67 64 73 59 72 30 71 52 24 26 21 39 32 25 27 38 58 29 34 45 50 15 49 19 5 22 23 6 46 5 18 21 24 6 5 30 15 20 25 6 74 27 19 12 16 14 29 22 18 23 39 15 21 38 4 12 24 20 4 14 16 19 4 25 45 30 18 12 27 22 50 49 23 14 46 29 16 20
Final cost 56758
Solutions 1
Triplets 2 74
Cost 35547
48 72 6 69 50 71 30 11 6 44 23 2 9 2 6 2 26 7 11 4 21 9 15 4 7 13 19 4 54 11 9 7 28 23 73 74 30 15 13 5 3 21 26 3 5 19 3 27 48 5 20 13 15 44 50 25 23 53 34 58 28 52 21 57 19 66 30 70 26 56 20 64 69 72 27 59 71 67 43 63 25 68 54 60 39 65 16 61 28 62 20 55 34 47 38 32 48 44 31 40 33 27 16 35 50 25 8 73 46 74 53 42 49 52 8 37 51 58 16 36 57 43 8 39 45 56 34 32 29 31 41 66 38 33 59 64 54 70 35 40 47 69 63 60 67 72 55 71 61 68 65 62 37 42 46 36 18 29 24 32 31 49 39 53 43 52 33 51 17 45 38 41 22 35 18 58 14 57 10 40 73 56 24 74 12 17 29 47 10 37 14 36 18 59 22 42 12 66 10 64 46 55 17 60 14 63 24 70 12 61 49 67 41 62 45 65 22 68 51
Final cost 36778
Solutions 1
Triplets 1 81
Cost 181234
74 79 75 76 77 78 69 71 65 67 58 73 54 59 50 56 51 68 44 72 45 48 39 64 66 70 34 55 61 41 62 57 13 53 63 14 10 11 6 80 81 1 1 1 6 13 10 60 11 14 6 3 47 40 3 46 10 3 13 11 34 39 44 14 50 45 54 51 58 48 41 56 59 65 74 69 67 75 71 76 79 77 55 78 73 68 53 64 57 61 66 72 62 40 34 70 17 63 36 47 39 46 38 33 4 37 44 60 4 32 45 41 4 17 50 7 8 48 51 80 54 81 7 52 8 49 58 56 43 7 17 59 8 40 36 42 33 55 65 53 38 32 37 67 69 57 47 46 74 71 61 64 75 68 62 76 66 73 77 79 63 78 35 72 31 70 26 60 28 33 36 43 19 32 49 52 27 42 38 37 29 30 23 24 5 16 18 21 12 5 25 19 26 20 5 31 28 35 22 80 12 16 81 27 18 23 15 24 21 29 19 30 12 20 43 25 9 16 26 42 22 15 18 49 28 9 31 52 23 21 27 24 35 20 9 2 15 2 29 2 25 30 22
Final cost 182664
Solutions 1
Triplets 2 81
Cost 302039
80 72 77 78 73 69 70 65 67 59 74 56 71 51 57 48 66 43 52 17 46 38 47 35 41 62 63 64 68 14 31 10 53 11 28 7 17 58 81 61 8 10 7 14 11 75 42 60 8 7 2 10 2 17 2 11 8 14 35 38 43 31 28 48 51 41 46 56 59 47 52 57 65 72 69 67 70 73 79 77 80 78 66 71 74 53 76 62 42 63 28 64 31 35 39 58 68 38 49 37 61 34 6 43 40 13 41 60 6 15 55 48 46 4 6 51 47 4 13 81 75 4 52 56 15 26 54 59 57 45 42 13 50 39 32 34 37 65 53 15 36 44 67 69 40 72 70 49 66 62 73 26 63 58 71 64 77 79 74 78 80 61 76 24 68 55 32 60 23 34 27 33 39 37 45 30 36 26 25 22 54 29 50 19 40 44 3 24 21 3 18 23 3 20 12 75 49 27 32 16 81 22 19 25 33 30 12 9 18 21 29 24 36 20 23 16 9 5 12 45 55 19 5 22 27 9 18 5 25 44 21 16 50 20 54 30 79 33 76 29
Final cost 303534
Solutions 1
Triplets 1 82
Cost 402483
81 77 78 74 80 71 73 76 79 65 75 62 63 59 68 56 70 72 51 69 48 49 45 43 41 39 64 34 35 67 32 61 14 12 57 9 66 5 10 2 82 2 5 2 9 12 14 5 10 58 60 46 47 9 1 1 1 12 10 55 14 34 32 35 39 41 43 45 48 51 49 56 59 62 65 63 71 74 77 73 78 81 68 76 80 75 70 79 69 72 64 57 61 28 32 34 67 46 35 47 40 44 66 39 13 37 41 58 33 43 60 7 45 54 55 11 48 13 7 49 51 28 82 50 4 7 11 56 4 52 13 59 4 38 53 62 36 11 63 65 40 33 37 46 42 44 47 71 57 28 68 74 73 61 64 77 70 69 78 76 75 72 81 67 80 58 79 54 66 55 60 38 36 50 33 31 17 26 24 37 40 52 19 29 30 20 42 53 25 44 21 27 15 17 3 22 23 3 18 16 3 19 24 26 82 20 31 15 36 38 17 21 29 25 30 16 18 22 27 23 19 54 15 50 6 20 24 8 42 26 6 16 21 52 18 8 6 31 25 22 53 29 23 8 30 27
Final cost 404032
Solutions 1
Triplets 2 82
Cost 77560
34 80 9 77 36 79 21 67 17 48 25 9 46 8 42 22 56 14 5 7 9 8 28 5 20 17 7 21 5 8 40 14 11 7 34 25 30 22 81 82 36 6 17 11 20 14 44 6 21 3 28 31 3 6 11 3 42 48 46 22 25 41 32 60 20 66 30 62 34 55 40 59 56 72 67 78 36 74 28 57 77 80 31 65 79 75 49 71 29 76 44 64 24 73 32 69 30 70 42 50 39 61 41 51 46 48 68 52 12 43 40 58 35 31 63 53 24 29 19 81 12 82 54 60 55 45 32 23 56 62 59 66 12 38 44 49 57 19 47 39 24 67 33 41 37 72 29 35 65 50 23 74 43 78 51 64 19 77 71 52 75 80 61 79 69 76 73 70 53 58 45 38 15 23 68 33 54 63 39 55 27 37 35 60 49 47 26 15 13 59 4 62 18 57 4 43 10 66 4 50 81 13 15 82 16 51 10 27 33 38 18 52 26 65 13 45 10 72 37 64 16 53 2 61 2 74 2 58 18 71 54 78 47 69 27 75 16 70 26 73 63 76 68
Final cost 79130
Solutions 1
Triplets 1 83
Cost 518063
81 76 78 79 80 67 77 69 71 64 68 74 63 55 60 56 75 70 51 73 47 65 43 72 66 45 38 61 35 37 59 62 15 13 11 9 3 12 58 3 82 83 3 7 9 11 13 15 6 12 7 46 42 9 6 57 11 7 41 13 6 12 15 35 38 43 37 47 55 51 45 56 67 64 60 63 69 76 68 71 78 81 79 77 80 74 65 70 61 59 66 75 73 62 42 72 58 46 35 41 44 20 38 37 48 14 36 40 43 2 53 2 57 2 47 45 1 1 1 14 51 20 82 55 83 5 54 56 49 50 5 39 52 14 60 5 42 64 63 67 41 20 36 46 44 69 68 40 59 61 71 65 48 76 58 62 66 70 78 74 77 79 81 53 80 73 75 72 28 57 39 32 30 26 23 33 34 49 36 50 54 31 29 18 52 21 4 40 44 16 4 27 25 22 4 19 28 23 24 26 48 18 30 32 82 16 21 83 33 39 34 29 31 17 19 22 53 25 27 18 23 16 24 8 28 26 49 21 10 50 17 8 30 19 54 32 52 22 10 8 29 33 25 31 34 27 24 17 10
Final cost 519539
Solutions 1
Triplets 2 83
Cost 995794
82 74 79 80 75 71 72 67 69 56 76 57 73 48 59 49 68 40 54 44 50 39 47 36 66 33 61 65 70 13 41 62 35 10 55 6 30 64 7 83 8 6 13 10 5 7 77 6 8 5 60 63 7 10 5 13 8 40 33 36 39 48 38 44 49 56 30 35 57 47 50 41 54 59 67 74 71 69 72 75 81 79 82 80 68 73 76 61 78 55 66 33 65 62 46 36 30 40 70 39 38 64 35 42 15 37 45 44 51 48 60 58 41 49 63 14 47 11 53 15 50 56 83 77 52 57 54 4 11 14 3 4 59 3 15 4 3 43 38 11 46 67 37 14 55 42 69 71 61 74 72 45 68 32 75 62 66 65 73 51 79 81 76 80 82 64 78 31 70 58 60 53 27 21 17 34 52 63 29 37 43 25 20 9 28 32 46 42 16 22 24 17 9 26 21 23 45 19 31 27 77 9 20 18 16 83 25 29 17 34 51 22 28 12 24 21 19 32 23 26 16 18 20 43 53 12 27 58 52 31 2 25 2 22 2 19 29 12 24 18 28 23 81 34 78 26
Final cost 997394
Solutions 1
Triplets 1 90
Cost 3792414
89 85 86 82 88 79 81 84 87 73 83 70 71 67 76 64 78 57 60 53 56 50 74 77 80 72 51 42 47 39 43 75 66 34 18 15 63 68 13 8 9 2 6 2 90 2 10 8 6 9 15 13 18 65 6 8 10 52 9 49 69 59 48 61 13 15 10 34 39 42 18 50 53 43 57 47 56 51 60 64 67 70 73 71 79 82 85 81 86 89 76 84 88 83 78 87 74 72 66 63 77 34 17 62 80 68 75 39 49 52 48 42 40 46 16 12 43 36 65 17 59 50 47 37 61 53 11 12 51 69 16 57 56 54 90 5 17 11 60 12 5 55 44 64 58 5 16 67 11 41 38 70 40 36 71 73 45 49 48 46 37 52 63 79 66 62 76 82 81 72 74 85 78 68 86 84 83 77 89 59 88 75 87 65 80 61 44 54 38 36 41 32 40 28 35 25 55 37 69 29 33 45 58 31 3 46 19 3 27 30 3 21 1 1 1 22 26 23 20 24 25 28 14 32 90 19 38 62 29 35 44 41 21 33 31 27 14 22 20 30 23 54 26 24 19 25 45 7 4 28 14 55 4 21 7 32 4 29 20 22 58 7 27 23 35 31 33 24 26 30
Final cost 3794255
Solutions 1
Triplets 2 90
Cost 5229531
31 88 25 85 17 87 26 30 21 16 9 3 11 13 3 20 40 3 15 9 24 17 42 11 23 16 13 25 9 21 48 31 26 15 11 20 44 30 17 13 36 16 89 90 24 6 7 23 15 5 21 6 25 7 5 20 40 6 26 5 7 29 31 45 42 35 38 30 24 74 23 70 62 66 58 61 36 68 48 65 44 80 28 86 34 82 54 76 85 88 29 73 87 83 33 79 40 84 53 72 35 81 27 77 38 78 42 63 45 69 28 55 36 59 43 50 75 67 34 29 39 37 71 52 44 60 48 33 64 27 19 89 58 90 62 35 61 49 28 66 54 70 38 74 65 68 57 41 51 19 56 53 34 45 47 32 27 43 37 39 33 80 46 76 73 50 55 82 19 86 63 72 59 85 79 52 83 88 69 87 77 84 81 78 67 60 49 32 41 18 58 75 64 71 54 37 62 61 39 51 43 47 8 57 53 66 56 18 46 65 8 70 10 68 22 50 12 74 8 32 89 55 10 90 14 18 4 52 12 41 4 59 10 63 4 49 22 73 14 76 12 80 2 72 2 60 2 69 47 82 51 67 14 79 46 86 64 77 22 83 57 78 56 81 71 84 75
Final cost 5231424
Solutions 1
Triplets 1 91
Cost 2857739
89 84 86 87 88 75 85 77 79 72 76 82 71 65 68 62 83 78 61 81 56 73 74 51 80 47 49 43 70 40 67 37 41 34 69 15 35 12 10 63 3 11 9 3 90 91 3 6 10 12 15 9 11 6 66 1 1 1 10 6 9 12 64 11 44 15 46 34 37 40 43 35 47 41 51 49 56 62 65 61 75 72 68 71 77 84 76 79 86 89 87 85 88 82 73 78 74 67 70 83 81 34 63 69 80 37 35 39 44 40 50 38 46 43 41 18 55 42 45 47 66 36 57 60 49 51 64 4 14 59 7 4 56 18 90 4 91 7 53 62 61 48 14 65 7 54 39 58 52 38 68 18 44 72 71 75 14 36 46 42 50 77 76 45 67 63 79 73 70 84 74 55 69 78 86 82 85 87 89 57 88 81 83 60 80 39 66 38 59 48 64 53 33 36 26 28 13 24 16 54 52 42 32 8 29 58 25 31 45 13 50 8 30 27 16 17 19 22 23 8 26 24 13 28 90 33 55 91 20 21 16 25 17 29 32 19 57 48 31 22 27 23 30 60 53 24 26 59 20 17 21 28 52 54 19 2 25 2 33 2 5 22 29 58 23 5 32 27 20 31 5 21 30
Final cost 2859572
Solutions 1
Triplets 2 91
Cost 1366106
90 82 87 88 83 79 80 75 77 69 84 63 81 55 67 58 76 50 62 51 56 45 57 46 53 19 73 38 78 72 65 15 66 12 41 70 61 11 74 71 32 6 29 91 19 12 15 6 11 60 85 68 3 6 48 3 4 12 3 11 4 15 64 19 4 38 45 50 55 46 51 29 32 58 63 41 56 53 69 57 62 67 75 82 79 77 80 83 89 87 90 88 76 81 84 65 86 61 66 73 29 72 48 38 32 70 78 44 59 60 71 45 74 36 47 46 41 50 37 68 9 51 17 55 35 8 64 13 43 9 53 58 56 8 91 85 57 63 9 17 13 8 62 40 49 54 52 69 67 36 48 44 39 13 42 37 17 75 61 35 65 47 77 79 66 82 80 59 76 60 83 43 73 72 81 70 87 89 84 88 90 71 86 40 78 36 74 68 34 27 64 39 37 49 35 44 42 31 52 54 18 33 22 7 28 14 21 24 47 30 7 26 23 16 43 25 27 7 18 14 85 20 34 40 22 91 59 21 31 16 39 24 28 14 33 23 18 26 42 30 25 20 49 27 10 16 22 2 21 2 52 2 5 54 10 24 34 5 23 31 28 20 5 26 10 25 89 33 86 30
Final cost 1367999
Solutions 1
Triplets 1 92
Cost 1930419
30 89 23 29 3 31 37 3 33 28 3 9 44 18 24 20 43 58 26 54 9 21 50 56 22 23 25 57 60 9 30 18 29 59 16 20 31 28 24 15 38 33 21 37 26 92 22 49 23 18 16 25 34 55 15 20 44 7 36 43 30 29 24 21 7 28 16 31 22 15 26 7 50 54 33 58 25 35 38 56 37 80 41 74 57 82 34 83 60 86 89 90 59 91 36 87 49 88 68 84 44 72 43 77 85 73 66 79 55 67 81 76 35 61 78 62 38 71 75 46 34 17 50 41 70 65 45 54 69 10 36 11 64 58 6 56 63 92 17 10 6 57 11 52 8 49 6 35 60 10 53 59 8 11 48 17 51 74 47 39 8 80 42 55 41 46 68 82 40 32 83 45 66 72 61 86 67 62 73 89 77 90 87 84 91 88 79 76 71 85 65 81 78 75 70 52 64 69 39 63 27 32 48 53 42 47 19 51 40 5 13 46 14 2 5 2 45 2 12 5 1 1 1 13 4 19 14 27 4 92 12 74 4 32 68 61 13 39 66 62 14 80 12 67 19 72 42 52 40 82 48 73 47 83 27 65 53 77 51 71 64 86 63 76 70 79 69 84 75 87 78 90 81 88 85 91
Final cost 1932478
Solutions 1
Triplets 2 92
Cost 12479251
90 85 87 82 89 77 86 74 88 70 81 67 76 64 80 60 71 63 84 79 75 50 61 47 83 44 58 73 69 38 46 35 78 66 40 15 36 72 65 12 33 8 5 91 92 59 9 5 6 8 15 12 5 3 6 9 3 8 68 3 6 57 49 12 9 15 35 38 62 44 47 50 36 33 40 60 46 64 67 70 63 74 77 61 58 82 85 71 76 87 90 81 86 89 80 75 88 69 79 66 73 35 84 65 59 38 33 83 36 72 78 49 45 44 40 41 53 47 57 4 42 50 46 4 37 13 68 4 55 2 62 2 7 2 91 60 92 52 13 7 39 64 58 63 61 67 7 56 43 70 51 13 48 32 54 74 41 45 71 77 49 37 42 59 76 66 69 82 65 53 75 85 81 73 80 57 87 79 86 39 90 72 89 55 88 32 84 34 78 52 83 43 62 27 68 31 14 41 37 16 48 51 45 56 42 30 26 22 54 18 14 28 21 29 23 16 24 32 39 25 27 34 53 20 14 91 31 18 92 22 19 16 26 21 43 30 17 23 55 28 24 52 29 20 25 18 10 27 48 19 11 22 51 17 21 34 10 31 26 56 23 11 54 20 24 30 10 28 19 25 17 29 11
Final cost 12481059
Solutions 1
Triplets 1 99
Cost 1713185
97 92 94 95 96 83 93 85 87 80 84 90 79 73 76 70 91 86 69 89 82 63 61 88 58 81 55 78 52 75 49 47 77 44 40 41 37 38 17 15 13 11 1 1 1 6 12 9 98 99 65 6 11 13 15 17 9 6 12 72 64 74 71 11 56 9 13 67 50 15 12 68 17 37 40 38 41 44 47 49 52 55 58 61 63 70 73 69 83 80 76 79 85 92 84 87 94 97 95 93 96 90 82 86 75 78 81 91 89 77 37 88 25 38 40 65 51 41 50 53 56 44 21 29 64 47 48 46 49 66 45 72 52 71 67 74 55 25 62 68 58 10 8 21 61 57 98 63 99 4 8 10 29 4 59 70 69 4 8 73 54 10 25 60 21 43 76 51 50 80 79 83 53 46 48 45 56 85 84 75 65 29 87 78 82 92 77 81 64 86 94 90 93 95 97 66 96 89 91 88 62 67 57 72 71 35 42 68 43 74 32 28 33 59 54 31 36 39 51 46 45 5 48 60 34 53 5 7 2 26 2 5 2 30 7 18 24 27 19 28 35 7 32 22 98 33 31 99 42 20 23 43 36 18 16 26 39 19 34 57 24 66 62 30 27 22 14 28 54 20 16 18 59 23 32 35 19 31 33 3 14 26 3 60 24 3 16 22 36 20 42 27 34 30 14 39 23
Final cost 1715348
Solutions 1
Triplets 2 99
Cost 20324453
98 90 95 96 91 87 88 83 85 77 92 74 89 69 75 63 84 59 70 60 64 51 65 52 82 46 57 43 86 80 50 42 71 18 73 76 45 15 67 79 81 12 35 3 66 5 3 99 10 3 5 18 15 12 93 5 4 72 10 49 4 61 54 56 4 12 78 15 10 18 43 46 51 42 68 52 59 35 63 60 50 45 69 57 64 74 77 65 70 75 83 90 87 85 88 91 97 95 98 96 84 89 92 71 94 67 82 73 49 80 66 76 35 43 86 42 54 46 79 56 48 81 61 51 47 6 45 52 39 72 50 6 53 44 16 59 9 6 11 60 57 63 68 62 78 9 99 93 64 11 16 69 65 8 9 36 58 49 70 74 11 8 41 77 75 55 16 39 48 8 54 47 67 83 71 56 66 44 85 87 73 90 88 61 84 53 91 76 82 80 89 36 95 97 92 96 98 79 94 40 86 72 81 41 33 62 39 17 21 27 68 37 34 38 58 28 48 32 47 14 55 44 78 19 17 31 29 36 30 21 22 23 25 14 26 24 27 33 53 40 93 17 19 28 41 99 34 14 37 32 21 38 22 20 23 29 31 25 30 24 26 19 7 27 2 13 2 62 2 7 33 28 58 20 22 55 7 23 13 40 34 32 25 24 29 37 26 31 30 38 97 13 94 20
Final cost 20326697
Solutions 1
Triplets 1 100
Cost 20510275
30 97 32 35 46 12 37 39 24 31 42 34 25 23 27 16 28 12 36 64 22 18 33 58 29 26 49 59 56 12 30 16 24 15 32 65 23 25 35 18 31 27 22 37 28 34 39 16 15 100 46 26 42 29 36 33 24 18 9 23 30 53 25 15 22 55 32 9 27 47 4 31 28 35 4 49 9 26 4 34 37 58 29 64 56 39 59 41 33 68 36 88 38 90 42 91 46 94 97 98 65 99 74 95 66 96 76 92 82 80 75 85 93 81 53 87 47 71 89 84 55 72 86 69 49 79 83 50 41 52 38 3 78 73 3 19 77 3 21 58 56 7 11 44 14 59 70 64 7 100 67 60 63 11 19 7 62 68 14 21 61 51 57 47 11 65 54 53 38 41 66 43 14 19 48 55 74 50 45 88 21 52 76 90 40 75 91 44 71 80 82 94 69 72 81 97 85 98 95 92 99 96 87 84 79 93 73 89 86 83 78 60 51 77 43 63 70 67 62 57 54 61 48 45 40 68 20 50 17 6 13 44 8 52 10 6 66 1 1 1 8 6 5 13 10 17 20 5 8 100 74 2 5 2 10 2 13 43 76 71 75 69 17 51 40 72 20 88 45 80 48 60 82 90 54 81 57 91 63 73 62 85 61 79 67 94 70 84 78 87 77 92 83 95 86 98 89 96 93 99
Final cost 20512665
Solutions 1
Triplets 2 100
Cost 10587571
98 93 95 90 97 85 94 81 96 77 89 74 84 68 88 69 79 70 92 64 83 59 91 56 65 53 66 55 78 76 61 80 43 82 87 41 73 71 18 75 86 16 35 12 63 13 3 99 100 3 10 72 3 8 9 12 18 16 13 57 10 8 58 9 2 67 2 12 2 8 10 13 9 16 18 43 41 35 53 56 59 68 55 64 69 74 77 70 81 65 85 61 66 90 93 79 84 95 98 89 94 97 88 83 96 76 78 63 71 73 92 80 35 91 75 82 57 41 43 21 58 87 19 72 48 40 86 44 49 37 46 53 67 11 17 56 7 55 47 59 21 19 51 7 11 62 99 64 100 68 7 17 61 69 65 11 60 70 66 74 19 21 52 77 54 40 37 50 17 81 63 44 48 57 79 85 46 49 58 71 84 76 73 90 78 47 83 93 89 75 88 80 95 51 94 72 98 82 97 67 96 39 92 37 91 40 45 62 87 38 42 32 86 29 52 44 60 50 54 15 48 36 46 30 34 31 49 6 27 33 20 23 47 6 15 28 25 22 26 6 39 24 29 32 51 99 14 38 100 15 20 45 42 30 23 27 31 36 34 22 14 25 33 28 26 24 52 50 5 62 20 29 54 5 14 32 60 23 5 39 4 22 27 30 4 38 25 31 4 24 26 28 34 36 42 33 45
Final cost 10589775
Solutions 1
Triplets 1 101
Cost 215217232
94 99 95 96 97 98 89 91 85 87 78 93 75 79 72 76 90 88 71 92 65 69 86 84 59 77 55 57 81 53 48 49 45 46 40 41 83 38 74 17 80 82 15 67 11 70 8 12 10 100 101 1 1 1 8 11 17 15 10 12 58 63 8 2 73 2 11 2 10 52 68 12 15 17 40 38 41 45 48 46 49 55 53 59 57 65 72 75 78 71 69 76 79 85 94 89 87 95 91 96 99 97 77 98 93 88 90 84 86 81 67 92 74 38 40 70 32 41 58 83 80 52 45 82 63 46 48 47 54 49 42 50 43 37 5 53 55 73 68 5 7 57 59 13 5 66 62 7 32 100 65 101 60 4 7 64 13 4 72 69 71 4 75 61 56 51 78 76 36 13 37 79 42 52 47 43 58 67 85 77 32 50 54 87 89 70 74 63 94 91 81 84 95 88 86 96 90 93 97 99 80 98 83 92 36 82 68 37 62 44 73 66 60 34 42 39 51 28 43 64 56 47 35 6 61 23 29 16 33 6 30 50 18 31 22 6 54 25 3 26 36 3 27 16 3 28 20 34 23 100 18 24 101 44 39 29 22 35 21 16 30 33 25 19 31 26 20 51 18 27 62 23 60 28 14 24 56 66 22 21 9 34 19 64 29 61 20 25 14 9 30 26 35 39 33 31 27 44 9 24 21 19 14
Final cost 215219511
Solutions 1
Triplets 2 101
Cost 617406
100 92 97 98 93 89 90 85 87 79 94 76 91 71 77 65 86 58 72 60 66 57 67 54 84 47 59 49 88 80 75 81 51 41 48 78 74 17 69 14 83 73 39 15 82 12 10 2 101 2 61 2 9 14 17 95 10 12 15 3 4 9 3 55 4 3 10 14 4 12 9 17 47 15 41 58 49 54 57 60 65 39 48 51 71 59 66 76 79 67 72 77 85 92 89 87 90 93 99 97 100 98 86 91 94 75 96 69 84 80 74 61 81 78 73 41 88 52 55 47 39 16 44 83 50 49 82 37 53 42 48 54 19 58 51 57 43 16 5 60 7 64 18 5 59 65 68 7 5 101 95 19 66 16 7 71 67 70 45 56 18 62 72 76 37 63 44 79 77 52 19 42 61 55 50 36 69 85 18 43 75 53 87 89 74 92 90 73 86 80 93 78 84 81 91 46 97 99 94 98 100 37 96 45 88 64 83 33 82 34 44 36 32 42 68 56 35 38 20 40 29 52 43 62 50 21 13 70 63 25 27 22 31 28 53 30 26 23 20 13 33 46 24 34 32 95 21 36 45 29 101 35 13 22 25 38 8 27 20 40 23 28 26 31 8 30 24 21 6 64 11 56 8 33 6 22 32 34 29 25 6 11 68 23 27 62 35 46 26 28 24 63 11 38 31 30 99 70 96 40
Final cost 619803
Solutions 1
