Order 4, Range [1-25], Verbose.
Cost 175651442
25 22 2 18 2 12 2 4 2 11 8 4 20 23 21 4 24 12 8 4 11 18 16 22 3 25 8 3 19 12 3 11 20 3 8 21 23 6 16 18 24 12 11 6 7 22 17 19 14 6 25 7 20 15 16 6 21 18 7 23 13 10 14 17 24 7 19 22 15 9 16 10 20 13 5 25 14 21 9 5 17 10 23 15 5 19 13 9 24 5 14 10 1 1 1 1 9 17 15 13
Cost 286810842
25 21 1 1 1 1 15 4 9 19 23 4 2 24 2 4 2 9 2 4 11 15 21 22 5 25 9 14 19 5 8 11 20 23 5 9 15 24 8 5 17 14 11 21 18 22 8 19 10 16 25 15 20 11 8 14 23 17 10 12 13 24 18 7 21 16 19 22 10 14 7 12 20 13 17 25 6 7 10 23 18 16 6 12 7 24 13 3 6 22 3 17 20 3 6 12 3 16 18 13
Cost 890934299
25 13 18 16 3 12 6 3 20 17 3 22 6 3 13 24 7 12 6 16 18 23 10 7 6 25 17 13 20 12 7 14 10 22 19 16 21 7 18 24 13 12 10 17 23 14 8 11 20 15 25 16 10 19 8 22 18 21 11 14 17 5 8 24 15 9 5 23 20 11 8 5 19 14 9 25 5 22 21 15 11 4 2 9 2 4 2 24 2 4 23 19 9 4 15 1 1 1 1 21
Cost 898400368
25 13 15 17 9 1 1 1 1 10 14 5 24 9 13 19 5 15 23 10 17 5 9 21 14 25 5 13 20 10 16 9 15 22 19 7 24 17 14 10 13 23 7 18 21 6 16 15 20 7 25 6 14 19 17 22 7 6 11 12 24 18 16 6 23 21 8 3 20 11 3 12 19 3 8 25 3 22 16 18 11 4 8 12 24 4 21 23 20 4 8 11 2 4 2 12 2 18 2 22
Cost 2,317474391
24 25 14 10 17 22 11 12 7 1 1 1 1 10 20 7 14 11 23 12 16 17 7 10 24 21 25 22 11 7 14 12 5 10 20 15 16 5 17 11 19 23 5 12 14 18 21 5 24 22 15 25 16 8 20 17 2 13 2 19 2 8 2 18 23 15 9 21 16 8 13 22 24 6 20 9 25 8 19 6 15 18 4 13 9 6 4 23 21 3 4 6 3 9 4 3 13 19 3 18
Cost 4,003762096
4 25 9 2 4 2 11 2 4 2 24 9 4 10 17 21 3 11 23 3 9 14 3 10 22 3 25 13 11 9 15 17 20 10 24 14 21 18 16 11 13 23 19 10 6 15 22 12 17 14 6 25 20 13 16 18 6 21 24 12 15 19 6 14 23 17 13 7 22 8 16 12 20 18 7 15 25 8 21 5 19 7 24 12 5 8 16 23 7 5 22 18 20 8 5 1 1 1 1 19
Cost 5,176594282
15 10 25 5 1 1 1 1 5 20 23 10 24 5 3 15 16 3 5 18 3 10 22 3 17 14 21 25 6 20 15 10 16 23 6 8 24 18 12 14 6 17 19 8 22 15 6 21 16 20 12 8 25 14 9 18 23 13 17 8 24 19 12 9 16 11 22 14 21 20 13 7 9 18 12 17 11 25 7 23 19 9 4 13 24 7 4 11 22 21 4 2 7 2 4 2 13 2 11 19
Cost 5,362022557
12 3 25 18 3 9 19 3 10 13 3 2 12 2 9 2 21 2 10 24 22 18 13 9 12 19 15 25 10 20 23 14 9 7 17 13 12 21 10 18 7 15 22 24 19 14 16 7 13 20 11 17 25 23 7 5 15 18 21 14 5 11 16 19 22 5 8 24 17 20 5 15 11 14 8 6 23 25 16 21 4 6 8 11 4 17 22 6 4 20 8 24 4 6 16 1 1 1 1 23
Cost 5,485257211
11 3 25 9 3 18 13 3 21 15 3 11 9 22 14 19 10 23 20 13 24 9 11 18 15 6 10 25 14 21 9 6 13 11 19 22 10 6 20 15 23 18 14 6 24 13 10 17 7 12 21 16 25 19 15 7 14 22 20 18 5 12 7 23 17 5 8 16 24 7 5 21 19 12 8 5 4 25 20 22 4 17 8 16 4 12 23 2 4 2 8 2 24 2 1 1 1 1 17 16
Cost 5,543456338
10 7 25 3 12 13 3 14 7 3 10 15 3 20 23 7 12 21 13 5 10 14 7 24 5 18 15 25 12 5 10 13 22 20 5 14 19 23 21 6 12 15 8 18 13 6 16 24 17 14 8 6 25 20 22 19 15 6 8 21 23 18 16 9 11 17 8 1 1 1 1 24 9 20 19 11 22 25 16 18 21 9 17 23 4 2 11 2 4 2 9 2 4 19 16 24 4 11 22 17
Cost 5,835579101
6 20 25 10 13 3 6 21 3 23 5 3 6 10 3 5 22 13 6 16 5 20 12 10 15 5 24 25 21 18 13 11 23 10 12 16 4 19 22 15 4 20 11 13 4 17 12 18 4 21 24 16 25 11 15 23 19 14 12 7 22 20 17 9 11 18 7 16 8 15 21 14 9 7 24 19 8 25 23 17 7 9 22 18 8 14 1 1 1 1 9 2 8 2 19 2 17 2 24 14
Cost 6,173674373
4 2 25 2 4 2 11 2 4 22 16 18 4 10 24 21 8 11 1 1 1 1 23 10 8 19 16 25 11 18 20 22 8 10 15 13 21 17 24 11 8 5 16 10 19 23 5 18 13 15 20 5 25 22 17 14 5 21 16 7 12 13 24 19 15 18 7 9 23 14 20 17 12 7 13 22 9 25 21 15 7 6 19 14 12 9 24 6 17 3 20 23 3 6 9 3 12 14 3 6
Cost 6,403223558
24 17 3 25 19 3 20 12 3 16 10 3 5 21 22 18 23 5 17 12 10 8 5 19 24 16 20 5 25 8 10 12 6 18 21 17 22 8 6 23 10 16 19 12 6 8 20 13 24 15 6 18 17 25 14 21 9 16 22 11 13 19 23 4 15 9 20 4 14 18 11 4 24 13 9 4 21 7 25 15 22 11 14 9 7 23 13 1 1 1 1 7 11 2 15 2 14 2 7 2
Cost 6,886482161
18 22 2 25 2 5 2 17 2 4 5 19 13 4 23 5 24 4 18 20 5 4 11 22 17 13 3 21 25 3 19 15 3 11 16 3 18 23 13 20 24 17 10 14 11 22 15 9 21 19 16 13 10 25 18 11 9 14 17 20 23 15 10 12 24 9 16 22 19 21 7 14 10 8 9 12 15 7 25 20 6 8 16 23 7 14 6 12 24 8 21 7 6 1 1 1 1 8 6 12
Cost 6,964824434
16 12 21 25 18 5 1 1 1 1 5 10 6 12 24 5 16 19 6 14 5 10 18 21 6 12 8 22 25 23 6 10 16 14 8 11 19 12 24 20 18 10 8 17 21 9 11 14 16 22 8 15 23 25 9 19 13 11 18 20 17 14 24 9 3 21 15 3 11 13 3 22 9 3 19 23 7 17 25 20 4 15 13 7 4 2 24 2 4 2 7 2 4 22 17 13 15 7 23 20
Cost 7,337281217
10 17 3 25 19 3 20 12 3 16 10 3 5 21 22 18 23 5 17 12 10 8 5 19 24 16 20 5 25 8 10 12 6 18 21 17 22 8 6 23 14 16 19 12 6 8 20 13 24 15 6 18 17 25 14 21 9 16 22 11 13 19 23 4 15 9 20 4 14 18 11 4 24 13 9 4 21 7 25 15 22 11 14 9 7 23 13 1 1 1 1 7 11 2 15 2 24 2 7 2
Cost 7,712185955
5 23 10 25 15 5 7 19 21 8 5 24 10 7 16 5 22 8 13 15 7 20 10 14 23 8 19 7 25 21 16 13 10 8 15 24 6 14 22 17 18 20 6 12 13 19 16 23 6 15 21 14 11 25 6 12 17 13 18 24 22 20 16 11 19 14 3 12 9 3 23 21 3 17 11 3 18 9 25 12 4 20 22 24 4 11 9 2 4 2 17 2 4 2 18 9 1 1 1 1
Cost 8,232346613
2 6 2 25 2 3 2 6 3 13 21 3 24 6 3 1 1 1 1 6 22 4 13 7 23 4 12 14 25 4 7 21 17 4 20 13 24 7 12 19 16 14 22 8 7 18 15 23 13 17 12 8 21 25 20 14 16 11 19 8 24 15 12 18 22 10 17 8 11 14 23 9 16 21 20 10 15 19 25 11 9 18 5 17 24 10 22 5 16 9 11 15 5 23 20 10 19 5 9 18
Cost 8,373733971
23 18 12 19 25 5 6 2 17 2 5 2 6 2 12 5 24 15 6 18 5 22 19 23 6 17 12 4 21 25 14 4 15 20 11 4 16 18 12 4 24 19 17 22 14 11 23 15 9 21 13 10 16 20 25 18 11 9 14 17 19 10 15 13 24 22 9 11 16 23 21 10 14 20 8 9 13 3 7 25 3 10 8 3 16 7 3 22 24 13 8 21 7 20 1 1 1 1 8 7
Cost 8,747276640
17 23 18 2 25 2 21 2 14 2 11 19 1 1 1 1 24 17 5 22 18 11 14 5 23 10 16 21 5 25 19 15 11 5 17 10 14 20 18 13 24 22 16 11 9 10 15 23 21 19 14 17 13 9 25 10 18 20 16 7 12 15 9 22 24 13 7 8 19 21 23 9 12 7 16 8 15 20 13 25 7 6 4 8 12 22 4 6 24 3 4 8 3 6 4 3 12 20 3 6
Cost 9,011413197
13 18 22 2 25 2 5 2 17 2 4 5 19 13 4 23 5 24 4 18 20 5 4 11 22 17 13 3 21 25 3 19 15 3 11 16 3 18 23 13 20 24 17 10 14 11 22 15 9 21 19 16 12 10 25 18 11 9 14 17 20 23 15 10 12 24 9 16 22 19 21 7 14 10 8 9 12 15 7 25 20 6 8 16 23 7 14 6 12 24 8 21 7 6 1 1 1 1 8 6
Cost 9,254051148
10 4 5 23 25 4 13 5 14 4 10 16 5 4 17 24 12 5 19 13 10 20 14 15 11 22 23 16 12 25 10 17 13 9 21 11 14 19 15 24 12 20 9 16 18 13 11 22 17 23 14 9 12 15 25 21 19 11 8 16 9 20 18 24 3 17 8 3 15 22 3 6 23 3 8 19 21 6 7 25 18 20 8 6 2 7 2 24 2 6 2 22 7 1 1 1 1 21 18 7
Cost 11,824615003
3 6 24 3 20 25 3 6 13 3 22 16 2 6 2 7 2 23 2 6 19 13 7 5 20 21 24 16 5 7 25 17 22 5 13 18 7 4 5 19 23 4 10 16 20 4 21 13 17 4 24 15 10 18 22 25 14 11 19 16 9 12 10 23 20 17 15 21 11 9 14 18 10 12 24 8 22 19 9 11 25 15 17 8 14 12 23 9 21 18 11 8 1 1 1 1 15 12 14 8
Cost 11,824618437
3 6 24 3 20 25 3 6 7 3 22 16 2 6 2 7 2 23 2 6 19 13 7 5 20 21 24 16 5 7 25 17 22 5 13 18 15 4 5 19 23 4 10 16 20 4 21 13 17 4 24 15 10 18 22 25 14 11 19 16 13 12 10 23 20 17 15 21 11 9 14 18 10 12 24 8 22 19 9 11 25 15 17 8 14 12 23 9 21 18 11 8 1 1 1 1 9 12 14 8
Cost 12,774502239
23 4 17 19 7 4 25 21 13 4 2 7 2 4 2 24 2 9 7 17 22 13 19 23 3 7 9 3 21 11 3 25 20 3 13 9 17 18 10 24 11 19 22 14 9 16 23 13 10 21 15 11 20 17 12 18 25 14 10 8 19 16 11 24 22 15 12 8 10 23 21 14 20 18 5 8 6 16 12 5 15 25 6 8 5 14 22 24 6 5 12 18 20 16 6 15 1 1 1 1
Cost 13,950326754
10 23 5 19 12 3 25 5 3 20 10 3 5 24 3 4 12 5 18 4 10 22 19 4 23 14 16 4 12 20 10 25 6 15 21 11 18 24 6 14 12 19 16 22 6 17 11 23 15 20 6 13 7 14 18 21 25 11 16 7 19 24 17 15 13 22 7 14 11 20 23 9 18 7 16 8 21 13 15 17 9 25 2 8 2 24 2 22 2 9 13 8 1 1 1 1 17 21 9 8
Cost 15,892821806
15 17 2 7 2 22 2 25 2 10 7 1 1 1 1 15 20 7 17 10 21 23 24 19 7 3 14 22 3 10 15 3 25 5 3 17 20 18 5 10 14 21 19 5 23 15 24 16 5 22 8 9 17 12 14 18 20 25 8 13 9 19 21 16 11 12 8 23 14 9 24 22 13 18 8 11 20 12 9 16 19 6 25 21 4 13 11 6 4 12 23 18 4 6 24 16 4 11 13 6
Cost 16,045380404
13 16 21 22 5 19 12 25 4 5 18 24 4 13 5 7 4 16 12 5 4 20 7 21 19 22 13 23 18 7 12 3 25 16 3 24 7 3 17 13 3 20 12 19 21 15 18 22 10 16 23 1 1 1 1 17 14 25 10 24 15 20 19 8 18 21 11 9 10 22 14 8 17 23 6 15 9 11 10 8 6 20 25 24 14 9 6 8 11 17 15 2 6 2 9 2 23 2 14 11
Cost 16,826553124
5 8 6 21 19 5 16 25 6 8 5 10 22 17 6 5 12 8 15 20 6 10 16 19 21 8 23 24 12 7 17 10 25 15 22 9 7 18 16 20 12 10 19 7 9 21 14 17 15 23 7 24 12 9 16 18 22 25 13 20 14 19 9 15 17 11 21 1 1 1 1 13 23 18 14 24 11 3 22 20 3 4 25 3 13 4 3 11 14 4 2 18 2 4 2 23 2 13 11 24
Cost 16,878880084
4 12 24 19 4 14 23 25 4 11 13 17 4 12 10 1 1 1 1 14 11 22 19 13 10 12 24 21 17 23 8 11 25 14 10 18 13 12 8 20 16 19 11 22 10 17 8 14 21 13 24 15 23 18 8 3 16 25 3 20 19 3 17 7 3 22 15 9 5 21 7 18 16 5 24 23 9 7 5 20 6 15 25 5 7 9 6 22 16 18 21 2 6 2 9 2 15 2 6 20
Cost 16,913802046
4 13 16 23 4 10 18 25 4 7 21 11 4 15 13 10 7 19 16 22 9 24 11 7 18 10 23 13 15 9 7 21 25 11 16 10 19 17 9 20 13 22 18 15 11 24 5 9 14 23 16 5 21 12 17 19 5 25 15 20 18 5 14 22 2 12 2 8 2 24 2 17 23 21 19 8 14 12 3 20 6 3 25 8 3 22 6 3 17 12 14 8 6 24 1 1 1 1 6 20
Cost 17,355973775
2 10 2 5 2 15 2 25 5 21 19 10 7 5 14 22 11 24 5 7 15 10 18 23 20 9 7 11 14 19 21 10 25 7 9 15 17 22 11 8 18 24 14 9 20 16 23 8 19 11 15 21 9 17 12 8 14 25 18 22 13 16 6 8 20 24 12 19 6 23 17 4 21 13 6 4 18 16 12 4 6 22 25 4 20 3 13 17 3 24 12 3 23 16 3 1 1 1 1 13
Cost 17,618772229
1 1 1 1 5 23 10 25 15 5 7 19 21 8 5 24 10 7 16 5 22 8 13 15 7 20 10 14 23 8 19 7 25 21 16 13 10 8 15 24 6 14 22 17 18 20 6 12 13 19 16 23 6 15 21 14 11 25 6 12 17 13 18 24 22 20 16 11 19 14 3 12 9 3 23 21 3 17 11 3 18 9 25 12 4 20 22 24 4 11 9 2 4 2 17 2 4 2 18 9
Cost 18,138086065
23 6 15 21 12 10 8 6 25 1 1 1 1 6 8 10 12 15 13 6 16 17 8 23 21 10 24 7 12 22 8 13 15 25 7 10 16 19 17 20 12 7 18 11 13 21 23 15 7 14 24 22 16 9 11 17 19 13 25 20 18 3 9 14 3 11 21 3 16 23 3 9 17 22 24 19 11 14 18 20 9 4 5 25 2 4 2 5 2 4 2 14 5 4 19 22 18 5 24 20
Cost 18,715997616
19 1 1 1 1 12 4 8 25 15 4 5 20 21 4 8 5 12 4 19 24 5 14 8 15 22 5 13 23 12 16 8 20 25 21 7 14 11 19 15 13 12 7 17 24 18 16 22 11 7 14 23 20 13 15 21 7 19 25 11 17 6 16 18 14 10 13 6 24 22 11 9 20 6 23 10 21 17 16 6 9 18 2 25 2 10 2 3 2 9 3 22 24 3 17 10 3 23 9 18
Cost 19,069179502
15 1 1 1 1 7 11 14 25 23 4 9 7 24 4 15 18 11 4 7 9 14 4 21 22 16 7 13 11 9 15 19 23 25 18 14 20 24 9 11 13 16 6 8 21 15 22 17 6 14 19 8 18 13 6 23 20 16 25 8 6 24 10 12 17 21 13 8 22 19 18 3 10 16 3 12 20 3 23 5 3 17 10 25 5 24 21 12 19 5 22 2 10 2 5 2 20 2 17 12
Cost 21,777980578
18 16 4 8 22 20 4 24 15 25 4 8 10 11 4 14 12 16 18 8 21 23 10 15 11 20 22 8 12 14 17 24 10 16 25 11 18 13 15 19 12 21 10 14 23 20 11 17 22 16 13 5 12 15 18 24 5 14 19 25 9 5 21 13 17 20 5 23 7 9 22 1 1 1 1 7 13 19 9 24 6 17 7 21 25 3 6 9 3 7 23 3 6 2 3 2 19 2 6 2
Cost 22,406810161
11 13 14 20 17 15 2 19 2 25 2 11 2 18 13 21 14 24 7 9 15 17 11 20 23 7 19 13 9 22 14 18 7 11 25 15 21 9 17 7 13 24 16 20 14 19 9 23 6 18 15 22 10 8 6 17 12 21 16 25 6 8 10 20 19 24 6 18 12 8 23 5 10 22 16 4 5 8 21 4 12 5 10 4 25 3 5 4 3 24 16 3 12 23 3 22 1 1 1 1
Cost 23,175152241
4 19 13 21 4 9 12 3 4 25 3 8 4 3 9 13 3 23 12 8 19 17 24 9 21 6 18 8 13 22 12 6 9 14 25 8 20 6 17 19 23 13 12 6 18 21 24 14 2 16 2 22 2 15 2 17 20 10 19 25 11 14 18 23 5 16 21 10 15 5 24 11 17 22 5 14 20 10 7 5 18 16 11 15 25 7 23 10 1 1 1 1 7 11 24 22 20 16 15 7
Cost 25,235997838
14 2 17 2 4 2 23 2 4 6 25 11 4 21 14 6 4 3 22 17 3 6 11 3 24 7 3 6 14 23 19 10 7 11 21 25 17 20 9 7 22 10 14 15 11 18 7 9 24 19 16 10 23 17 13 21 9 20 15 12 25 10 22 18 5 9 16 13 19 5 8 12 24 15 5 23 21 20 8 5 13 18 16 12 22 25 8 19 15 1 1 1 1 13 8 12 24 20 16 18
Cost 25,255811802
14 24 7 18 11 19 13 5 22 7 25 20 5 23 14 11 7 5 15 13 9 18 5 7 19 24 11 17 14 9 22 20 13 15 21 25 23 11 9 18 16 12 14 19 17 13 4 9 15 24 4 20 22 12 4 21 16 18 4 23 25 17 19 15 2 12 2 8 2 10 2 20 16 24 22 8 21 12 17 10 6 3 23 8 3 25 6 3 16 10 3 8 6 1 1 1 1 21 6 10
Cost 26,133492195
6 1 1 1 1 3 6 17 3 21 25 3 6 2 3 2 15 2 6 2 8 18 23 24 17 9 12 5 8 20 21 15 5 22 9 25 8 5 12 18 19 17 5 9 8 23 15 24 16 20 12 21 9 13 11 22 14 18 17 19 25 15 12 10 16 11 13 7 23 20 14 24 21 10 7 18 11 22 19 13 16 7 4 10 14 25 4 11 7 20 4 23 13 10 4 24 16 19 14 22
Cost 26,220089300
6 21 15 4 5 11 6 4 23 5 25 4 6 8 5 4 11 15 6 5 13 8 21 22 2 24 2 11 2 8 2 23 15 13 18 25 20 8 11 12 17 14 19 21 9 22 13 15 10 24 16 12 18 9 23 14 20 17 10 13 25 19 9 12 21 7 16 22 10 14 18 9 7 24 17 12 20 23 10 7 19 3 16 14 3 25 7 3 18 22 3 17 1 1 1 1 20 24 16 19
Cost 26,264322568
6 21 7 22 23 16 6 13 3 7 25 3 6 18 3 24 7 3 6 5 13 16 21 7 5 22 15 23 8 5 12 18 19 13 5 25 8 16 20 24 17 15 12 21 8 10 13 22 14 18 23 19 8 16 12 10 15 17 20 9 25 11 14 24 21 10 12 18 9 22 19 15 11 23 17 10 14 9 20 1 1 1 1 11 4 25 9 24 4 19 14 17 4 2 11 2 4 2 20 2
Cost 26,509603533
4 19 13 14 4 9 24 2 4 2 25 2 4 2 9 13 18 14 3 21 19 3 7 9 3 23 20 3 13 7 24 14 9 22 18 25 7 10 6 19 21 13 17 7 6 14 20 10 23 16 6 12 18 15 24 22 6 10 19 17 25 21 11 12 5 16 20 10 15 5 18 23 8 11 5 12 17 22 24 5 8 16 21 15 11 25 20 12 8 1 1 1 1 17 23 11 8 16 15 22
Cost 26,873971808
2 8 2 4 2 16 2 4 21 8 25 4 6 3 24 4 3 8 6 3 7 16 3 19 6 8 23 7 20 21 6 14 11 22 7 25 10 16 24 12 18 7 19 11 13 14 10 17 20 23 21 12 15 16 11 22 10 13 18 14 25 19 24 12 17 11 10 15 20 9 13 21 23 14 5 12 18 22 9 5 19 17 15 13 5 25 24 9 20 5 1 1 1 1 18 23 9 15 17 22
Cost 27,005667379
1 1 1 1 23 4 17 19 7 4 25 21 13 4 2 7 2 4 2 24 2 9 7 17 22 13 19 23 3 7 9 3 21 11 3 25 20 3 13 9 17 18 10 24 11 19 22 14 9 16 23 13 10 21 15 11 20 17 12 18 25 14 10 8 19 16 11 24 22 15 12 8 10 23 21 14 20 18 5 8 6 16 12 5 15 25 6 8 5 14 22 24 6 5 12 18 20 16 6 15
Cost 27,672737423
22 3 23 12 3 16 24 3 4 5 3 25 4 10 5 12 4 21 8 5 4 16 22 10 5 23 8 12 18 6 24 19 20 10 8 6 25 16 21 12 17 6 8 10 22 15 18 6 23 9 19 14 20 16 24 13 7 17 9 21 15 25 11 7 18 14 22 9 13 19 7 23 20 11 17 15 9 7 24 14 21 13 18 2 11 2 25 2 19 2 15 17 20 14 13 11 1 1 1 1
Cost 27,679014211
22 24 18 3 12 16 3 8 9 3 20 25 3 21 5 8 12 9 23 5 18 16 22 8 5 24 9 19 12 5 20 8 10 15 21 9 25 16 18 6 12 23 10 17 22 6 19 11 15 24 20 6 10 16 14 21 18 6 11 13 17 25 10 15 23 19 22 7 14 11 20 4 13 24 7 4 21 17 15 4 11 7 14 4 19 13 25 23 7 1 1 1 1 2 17 2 14 2 13 2
Cost 28,565371123
13 11 23 21 2 15 2 7 2 24 2 25 11 13 7 1 1 1 1 12 15 7 10 11 21 23 13 20 7 22 8 12 10 24 11 15 25 16 8 13 19 17 10 12 18 21 8 20 23 14 15 22 10 16 8 12 9 24 17 19 4 25 18 14 4 9 21 20 4 16 6 23 4 22 9 17 6 14 19 5 18 24 6 9 5 16 25 20 6 5 3 14 17 3 5 22 3 19 18 3
Cost 29,462669362
4 9 22 6 4 20 23 10 4 6 9 25 4 21 2 6 2 10 2 9 2 6 19 24 22 20 18 10 9 23 1 1 1 1 21 16 25 10 5 15 17 19 7 5 18 20 22 24 5 7 14 16 23 5 15 21 7 17 12 13 19 25 18 7 14 20 11 16 22 15 12 24 13 8 17 23 21 11 14 19 18 8 12 16 15 13 25 3 11 8 3 17 14 3 12 24 3 8 13 11
Cost 29,786253560
2 19 2 10 2 13 2 1 1 1 1 25 14 10 7 17 3 24 13 3 19 7 3 10 23 3 14 16 7 21 22 13 17 10 4 7 25 20 4 19 14 24 4 16 13 18 4 23 8 17 21 11 22 15 14 12 8 20 19 16 9 25 11 18 8 24 17 12 15 9 23 21 8 11 22 16 6 20 9 12 5 18 6 15 11 5 25 9 6 24 5 12 21 23 6 5 22 20 15 18
Cost 30,758106597
22 14 11 24 15 9 5 13 23 16 20 5 25 11 9 14 5 19 10 15 13 5 22 9 11 16 21 24 10 14 20 23 9 13 15 11 19 25 10 17 12 16 18 14 22 8 13 21 10 15 20 24 12 8 23 19 17 16 7 4 18 8 25 4 12 7 22 4 21 8 20 4 7 17 19 24 12 23 18 7 6 1 1 1 1 3 6 25 3 21 17 3 6 2 3 2 18 2 6 2
Cost 30,956096647
2 19 2 4 2 24 2 4 20 12 14 4 25 17 9 4 3 23 13 3 19 12 3 9 14 3 10 22 20 24 17 13 9 12 21 8 10 25 14 19 23 9 18 8 13 12 10 17 20 22 16 8 14 24 15 21 10 13 19 8 18 11 25 23 17 5 16 6 20 15 5 22 11 6 7 5 21 24 18 6 5 7 16 11 15 6 23 25 7 1 1 1 1 22 11 7 18 21 16 15
Cost 31,238490520
15 19 8 1 1 1 1 24 17 4 8 18 25 4 10 15 20 4 8 22 19 4 13 5 10 17 8 23 5 18 15 24 21 5 10 13 20 25 5 19 14 22 17 3 10 15 3 18 13 3 23 16 3 21 14 24 20 12 19 17 6 13 25 22 11 18 6 16 14 12 7 9 6 23 21 11 20 7 6 24 9 12 14 16 7 22 11 25 2 9 2 7 2 12 2 21 23 11 9 16
Final cost 31,981310737
Solutions 55
