Order 4, Range [1-17], Circular, Verbose.
Cost 268151
16 8 13 10 7 9 14 12 17 8 11 7 5 10 9 13 16 5 7 12 14 15 5 10 2 17 2 5 2 6 2 12 16 10 14 6 15 1 1 1 1 6 17 3 13 11 3 6 16 3 4 15 3 8 4 9 11 13 4 17 14 8 4 12 9 7 15 11
Cost 637181
16 11 13 7 9 2 12 2 17 2 7 2 11 9 15 13 16 7 12 8 1 1 1 1 14 17 10 8 13 15 12 3 16 6 3 8 10 3 14 6 3 13 17 8 15 6 10 11 16 4 5 6 14 4 9 5 10 4 11 17 5 4 12 9 7 5 14 15
Cost 1148831
16 12 8 9 5 15 11 13 17 5 8 14 9 12 5 7 16 11 8 5 13 9 7 4 10 17 8 4 15 7 9 4 16 13 10 4 7 14 1 1 1 1 17 15 10 12 13 3 16 6 3 14 11 3 10 6 3 12 15 17 2 6 2 11 2 14 2 6
Cost 1396930
16 12 4 11 3 6 10 3 17 14 3 6 15 3 13 7 16 6 1 1 1 1 7 14 2 17 2 13 2 7 2 8 16 12 9 15 7 14 11 8 13 5 17 9 10 12 5 8 16 11 15 5 9 13 10 8 5 12 4 17 11 9 4 14 10 15 4 6
Cost 1634026
16 4 10 8 14 4 9 11 17 4 12 8 13 4 3 9 16 3 11 8 3 15 12 3 7 17 1 1 1 1 14 7 16 2 12 2 15 2 7 2 10 13 17 6 14 7 12 5 16 6 10 15 5 11 13 6 9 5 14 17 10 6 5 8 11 9 15 13
Cost 1929636
16 11 15 7 10 13 8 4 17 12 7 4 11 14 10 4 16 15 13 4 2 12 2 11 2 17 2 1 1 1 1 6 16 12 11 3 9 6 3 14 15 3 17 6 3 9 5 13 16 6 8 5 10 14 9 15 5 7 8 17 13 5 10 9 7 12 8 14
Cost 2784833
16 4 9 7 10 4 6 15 17 14 7 9 6 2 10 2 16 2 6 2 9 5 12 14 6 17 5 8 13 9 15 5 16 11 12 8 5 1 1 1 1 13 17 8 11 15 12 3 16 14 3 8 10 3 13 11 3 7 12 17 15 4 10 14 7 4 11 13
Cost 2849754
16 5 12 7 11 8 5 15 17 14 7 5 13 8 12 11 16 7 1 1 1 1 6 14 7 17 12 2 6 2 15 2 16 2 6 9 10 14 12 4 6 13 17 4 9 15 10 4 16 3 11 4 3 9 13 3 10 8 3 17 15 11 9 14 5 8 10 13
Cost 3338436
16 12 4 2 7 2 4 2 17 2 14 7 6 12 15 13 16 9 6 1 1 1 1 10 6 17 9 11 13 15 6 3 16 10 3 9 14 3 11 8 3 13 17 10 9 12 5 8 16 11 14 5 15 10 13 8 5 12 7 17 11 5 4 8 14 7 4 15
Cost 3345694
16 6 4 11 9 15 4 6 17 3 14 12 3 9 10 3 16 2 3 2 15 2 9 2 10 17 13 1 1 1 1 9 16 7 10 15 14 8 11 13 7 5 17 12 10 8 5 7 16 11 14 5 13 8 7 12 5 6 15 17 11 8 4 6 14 13 4 12
Cost 4906506
6 16 13 10 14 2 6 2 17 2 8 2 12 3 15 13 3 16 8 3 9 11 3 4 12 17 8 4 13 9 14 4 11 16 8 4 12 15 9 7 5 10 17 11 14 5 7 9 12 16 5 10 15 7 11 5 6 13 14 17 7 10 6 1 1 1 1 15
Cost 5120690
5 16 12 9 7 5 14 11 17 10 5 7 9 15 12 4 8 16 11 4 14 9 13 4 8 17 12 4 3 11 9 3 8 16 3 13 15 3 12 2 8 2 17 2 6 2 14 10 13 16 6 15 1 1 1 1 6 10 7 17 14 13 6 5 11 7 15 10
Cost 5726794
7 16 11 8 6 15 12 7 17 10 6 8 3 11 13 3 6 16 3 10 15 3 6 14 11 17 5 13 2 10 2 5 2 16 2 11 5 14 12 9 13 5 17 15 1 1 1 1 9 16 12 14 4 13 7 8 4 9 15 17 4 7 12 8 4 14 9 10
Cost 5784747
2 16 5 8 12 9 13 5 17 15 11 8 5 7 9 14 12 16 4 13 7 10 4 9 15 17 4 7 12 14 4 10 9 16 7 1 1 1 1 15 6 10 17 14 3 11 6 3 13 16 3 10 6 3 15 8 11 14 6 17 12 13 2 8 2 5 2 11
Cost 6123069
9 16 5 7 14 10 13 5 17 9 7 12 5 1 1 1 1 16 9 13 2 15 2 12 2 17 2 9 11 6 14 3 13 16 3 6 15 3 8 11 3 6 17 10 14 13 8 6 4 16 11 15 4 10 8 12 4 7 14 17 4 11 8 10 7 5 15 12
Cost 6231770
11 16 4 6 8 13 14 10 17 6 3 11 8 3 15 6 3 16 13 3 14 6 11 9 2 17 2 12 2 15 2 13 9 16 1 1 1 1 5 12 7 9 17 5 13 10 14 7 5 16 9 12 15 5 7 10 8 11 4 17 14 7 4 12 8 10 4 15
Cost 6662296
2 16 2 4 2 9 6 4 17 10 11 14 6 7 9 15 12 16 6 10 7 11 13 9 6 17 5 7 12 10 15 5 11 16 7 13 5 14 8 10 12 5 17 11 3 15 8 3 13 16 3 14 12 3 8 1 1 1 1 17 15 13 8 4 9 14 2 4
Cost 7260767
3 16 13 3 6 11 3 14 17 10 6 15 1 1 1 1 7 16 9 10 4 14 12 7 4 17 15 9 4 10 7 13 4 16 12 14 9 7 5 8 11 15 17 5 13 9 12 8 5 16 2 11 2 5 2 8 2 13 12 17 6 14 11 8 15 3 6 10
Cost 7287779
3 16 13 3 8 15 3 11 17 5 12 10 8 14 5 13 7 16 11 5 15 10 12 7 5 17 6 9 13 11 7 10 6 16 12 15 9 7 6 14 11 10 17 4 6 9 2 4 2 16 2 4 2 14 9 4 8 13 15 17 1 1 1 1 8 3 12 14
Cost 7573349
12 16 9 1 1 1 1 15 17 5 13 9 12 14 5 11 2 16 2 5 2 10 2 13 5 17 11 14 6 3 15 10 3 16 6 3 13 11 3 8 6 10 17 7 12 15 6 8 11 16 7 10 9 14 4 8 12 7 4 17 15 9 4 8 7 13 4 14
Cost 7884766
5 4 16 11 10 6 15 8 17 13 3 6 14 3 10 8 3 6 16 3 12 15 13 8 10 17 14 1 1 1 1 8 12 7 16 13 15 9 11 2 7 2 17 2 12 2 9 7 13 11 16 15 14 5 7 9 12 4 5 17 11 4 10 5 9 4 14 6
Cost 8403052
11 3 16 4 10 15 9 4 17 13 6 4 12 14 10 9 6 2 16 2 15 2 6 2 12 17 7 14 6 1 1 1 1 7 16 11 12 8 13 5 7 14 17 15 5 8 11 7 12 5 16 13 10 8 5 14 9 11 15 17 3 8 10 3 13 9 3 4
Cost 8780874
15 11 16 8 5 12 10 9 17 5 13 8 11 14 7 15 9 12 16 8 2 7 2 13 2 17 2 14 7 1 1 1 1 6 16 7 13 3 15 6 3 14 17 3 10 6 3 11 4 12 16 6 4 15 10 14 4 9 11 17 4 12 5 8 10 13 9 5
Cost 8784845
14 11 16 7 5 8 10 12 17 5 7 13 11 8 14 15 10 7 16 9 1 1 1 1 13 17 10 2 9 2 15 2 3 2 16 3 10 9 3 12 14 3 17 6 4 15 9 11 4 6 16 12 4 13 14 6 4 8 11 17 15 6 5 12 7 8 13 5
Cost 8893086
14 11 16 8 5 12 9 10 17 13 3 8 11 3 14 9 3 10 16 3 6 15 13 11 9 17 6 10 1 1 1 1 6 9 16 13 15 12 6 7 14 2 17 2 4 2 7 2 4 12 16 15 4 7 14 8 4 5 11 17 7 12 5 8 13 10 15 5
Cost 9919882
10 6 16 5 12 7 14 6 17 13 10 2 7 2 15 2 12 2 16 7 14 1 1 1 1 17 7 3 12 15 3 8 11 3 16 9 3 4 13 8 12 4 17 11 9 4 14 8 10 4 16 13 15 9 11 8 5 6 10 17 14 5 9 6 13 11 5 15
Cost 10963585
8 6 16 13 5 9 3 6 17 3 15 14 3 6 9 3 11 12 16 6 1 1 1 1 2 17 2 11 2 12 2 4 13 15 16 4 10 14 11 4 7 12 17 4 8 13 10 7 15 11 16 14 8 12 7 9 10 5 13 17 8 7 5 15 9 14 10 5
Cost 11123940
3 6 16 3 13 12 10 15 17 1 1 1 1 14 7 4 10 13 16 4 9 7 15 4 8 17 10 4 7 9 13 5 8 11 16 7 5 12 9 14 8 5 17 13 11 15 5 9 8 12 16 6 2 14 2 11 2 6 2 17 15 12 3 6 10 3 11 14
Cost 11192976
3 14 16 3 12 15 11 8 17 13 1 1 1 1 5 8 12 11 16 5 15 9 13 8 5 17 6 14 12 5 9 2 6 2 16 2 10 2 6 9 7 14 17 15 6 4 10 7 9 4 16 13 11 4 7 14 10 4 15 17 12 7 3 11 13 3 10 8
Cost 11313968
4 3 16 6 3 11 13 3 17 6 1 1 1 1 15 6 14 10 16 12 2 6 2 5 2 17 2 10 5 15 14 12 7 5 16 13 9 10 5 7 11 8 17 12 14 9 7 10 13 8 16 11 15 7 9 12 4 8 14 17 4 13 11 9 4 8 3 15
Cost 11702278
10 3 8 16 1 1 1 1 17 12 14 2 9 2 15 2 4 2 13 16 4 9 5 11 4 17 7 5 4 15 9 13 5 7 11 16 14 5 10 9 7 12 17 6 13 11 8 7 10 6 14 16 15 12 8 6 11 13 10 17 3 6 8 3 14 12 3 15
Cost 11903590
11 14 15 16 3 13 8 3 17 12 3 11 4 3 8 14 4 15 10 16 4 5 8 7 4 17 5 6 10 14 7 5 15 6 13 16 5 7 10 6 9 12 17 14 7 6 11 13 10 9 2 16 2 12 2 15 2 11 9 17 13 1 1 1 1 12 8 9
Cost 11903647
11 14 15 16 3 13 8 3 17 12 3 11 4 3 8 14 4 15 10 16 4 12 8 7 4 17 5 6 10 14 7 5 15 6 13 16 5 7 10 6 9 5 17 14 7 6 11 13 10 9 2 16 2 12 2 15 2 11 9 17 13 1 1 1 1 12 8 9
Cost 12090459
6 14 15 16 3 12 6 3 17 7 3 10 6 3 13 14 7 15 6 16 2 10 2 7 2 17 2 13 5 14 7 10 15 5 11 16 8 12 5 9 13 10 17 5 8 11 4 15 9 12 4 16 8 13 4 14 11 9 4 17 8 12 1 1 1 1 9 11
Cost 12091290
6 14 7 16 3 12 6 3 17 7 3 10 6 3 13 14 7 15 6 16 2 10 2 7 2 17 2 13 5 14 9 10 15 5 11 16 8 12 5 9 13 10 17 5 8 11 4 15 9 12 4 16 8 13 4 14 11 9 4 17 8 12 15 1 1 1 1 11
Cost 12091832
6 14 7 16 3 12 6 3 17 7 3 10 6 3 13 14 7 15 6 16 2 10 2 11 2 17 2 13 5 14 9 10 15 5 11 16 8 12 5 9 13 10 17 5 8 11 4 15 9 12 4 16 8 13 4 14 11 9 4 17 8 12 15 7 1 1 1 1
Cost 12523689
10 3 8 16 1 1 1 1 17 2 14 2 9 2 15 2 4 5 13 16 4 9 5 11 4 17 7 5 4 12 9 13 5 7 11 16 14 15 10 9 7 12 17 6 13 11 8 7 10 6 14 16 15 12 8 6 11 13 10 17 3 6 8 3 14 12 3 15
Cost 14639678
10 2 13 16 12 11 8 14 17 4 10 15 6 4 8 13 11 4 6 16 10 4 8 9 6 17 15 11 13 5 6 7 9 14 5 16 12 3 7 5 3 9 17 3 5 7 3 14 12 15 9 16 7 1 1 1 1 13 10 17 12 14 11 2 15 2 8 2
Cost 15619178
13 14 7 16 11 6 4 15 17 7 4 6 8 13 4 11 7 6 4 16 8 12 15 7 10 17 13 14 8 1 1 1 1 12 10 16 8 15 9 13 3 14 17 3 10 12 3 9 5 3 11 16 15 5 10 14 9 12 5 17 2 11 2 5 2 9 2 6
Cost 15619187
2 14 7 16 11 6 4 15 17 7 4 6 8 13 4 11 7 6 4 16 8 12 15 7 10 17 13 14 8 1 1 1 1 12 10 16 8 15 9 13 3 14 17 3 10 12 3 9 5 3 11 16 13 5 10 14 9 12 5 17 15 11 2 5 2 9 2 6
Cost 16143548
1 1 14 7 16 13 10 2 17 2 7 2 15 2 4 8 14 7 4 9 16 12 4 8 7 17 4 15 9 11 14 8 3 12 13 3 16 9 3 8 11 3 17 6 10 12 9 13 5 6 15 11 16 5 10 6 14 12 5 17 13 6 11 5 10 15 1 1
Cost 16556753
6 9 12 7 16 10 6 2 17 2 9 2 14 2 15 10 1 1 1 1 16 3 13 5 3 17 14 3 5 15 3 8 11 5 12 13 16 4 5 8 14 4 17 11 15 4 12 8 13 4 7 9 16 10 11 8 6 7 12 17 9 13 6 10 7 11 14 15
Cost 16905301
5 11 4 15 16 5 4 10 17 13 5 12 11 1 1 1 1 10 15 14 16 8 13 11 2 17 2 10 2 8 2 9 6 14 11 13 16 8 6 7 9 15 17 12 6 8 7 14 3 9 6 3 16 7 3 12 15 3 9 17 7 14 4 5 13 10 4 12
Cost 17335111
7 2 8 11 16 12 5 7 17 13 8 5 14 15 10 4 5 12 8 4 16 5 13 4 10 17 14 4 15 12 1 1 1 1 10 13 16 9 11 6 14 12 17 15 10 6 9 3 13 11 3 6 16 3 7 9 3 6 15 17 11 7 8 2 9 2 14 2
Cost 17547861
7 5 8 11 16 12 5 7 17 13 8 5 14 15 7 4 5 12 8 4 16 7 13 4 10 17 14 4 15 12 1 1 1 1 10 13 16 9 11 6 14 12 17 15 10 6 9 3 13 11 3 6 16 3 10 9 3 6 15 17 11 2 8 2 9 2 14 2
Cost 17547866
7 2 8 11 16 12 5 7 17 13 8 5 14 15 7 4 5 12 8 4 16 5 13 4 10 17 14 4 15 12 1 1 1 1 10 13 16 9 11 6 14 12 17 15 10 6 9 3 13 11 3 6 16 3 10 9 3 6 15 17 11 7 8 2 9 2 14 2
Cost 17592172
6 14 7 8 16 13 6 5 17 7 11 8 5 15 12 14 7 5 13 8 16 11 5 7 3 17 12 3 15 14 3 13 11 3 10 2 16 2 12 2 9 2 17 11 10 1 1 1 1 9 12 15 16 4 10 14 6 4 9 17 13 4 6 8 10 4 15 9
Cost 19006302
10 15 7 3 16 6 3 14 17 3 11 6 3 1 1 1 1 6 13 9 16 11 4 6 15 17 4 8 9 12 4 13 11 14 4 8 16 9 10 15 5 12 17 8 13 5 9 14 10 7 5 8 16 12 15 5 7 13 10 17 2 14 2 7 2 12 2 11
Cost 19312649
9 6 5 15 16 8 13 5 17 9 14 12 5 8 1 1 1 1 9 13 16 8 11 12 14 17 15 9 3 8 10 3 7 11 3 12 16 3 14 7 10 15 17 2 11 2 7 2 13 2 10 6 16 7 4 11 15 6 4 17 10 13 4 6 14 5 4 12
Cost 19707867
1 1 12 9 16 8 10 11 17 14 3 15 9 3 12 6 3 7 11 3 16 6 13 14 7 17 15 6 2 11 2 7 2 6 2 13 16 14 7 4 11 15 17 4 10 5 12 4 13 8 5 4 16 9 10 5 15 8 12 17 5 13 9 14 10 8 1 1
Cost 19788133
10 15 11 4 16 7 8 4 17 14 10 4 7 11 8 6 15 12 13 7 16 6 8 14 11 17 7 6 2 12 2 13 2 6 2 11 16 14 9 15 3 12 17 3 13 5 3 9 10 3 5 14 16 12 15 5 9 13 10 17 5 1 1 1 1 9 8 4
Cost 20175081
11 9 5 14 10 16 12 5 17 7 9 11 5 15 10 13 7 5 12 9 6 16 11 7 10 17 6 4 13 14 7 4 6 11 10 4 15 16 6 4 8 13 17 14 1 1 1 1 8 3 12 15 3 16 13 3 8 14 3 17 9 2 12 2 8 2 15 2
Cost 20322185
7 14 13 8 5 16 9 7 17 5 4 8 12 15 4 14 11 3 4 8 3 16 4 3 12 17 3 11 15 14 10 13 1 1 1 1 12 16 11 2 10 2 17 2 13 2 6 9 12 11 10 15 6 16 7 14 9 13 6 17 10 7 5 8 6 9 15 5
Cost 20739502
2 6 2 11 14 16 9 6 17 1 1 1 1 6 3 9 15 3 14 6 3 16 4 3 9 17 4 12 13 7 4 15 8 9 4 10 7 16 11 12 8 13 17 7 14 10 15 5 8 11 7 12 5 16 13 10 8 5 14 17 11 15 5 12 2 10 2 13
Cost 20942154
11 15 4 7 5 16 14 12 17 5 13 11 6 2 5 2 15 2 6 2 14 16 11 13 6 17 1 1 1 1 6 15 8 11 9 10 13 16 3 12 8 3 17 9 3 10 14 3 8 13 7 12 9 16 15 10 8 7 4 17 14 9 4 12 7 10 4 5
Cost 20942976
11 15 9 7 5 16 14 12 17 5 13 11 6 2 5 2 15 2 6 2 14 16 11 13 6 17 1 1 1 1 6 15 8 11 14 10 13 16 3 12 8 3 17 9 3 10 15 3 8 13 7 12 9 16 4 10 8 7 4 17 14 9 4 12 7 10 4 5
Cost 21567924
2 6 2 10 14 16 9 6 17 13 1 1 1 1 3 15 11 3 14 7 3 16 13 3 5 17 7 11 8 5 15 12 14 7 5 13 8 16 11 5 7 10 17 12 8 15 14 9 13 11 4 10 8 16 4 12 9 6 4 17 15 10 4 6 2 9 2 12
Cost 22046783
11 15 3 13 6 16 12 10 17 14 6 11 1 1 1 1 13 10 12 7 9 16 11 14 15 17 7 8 2 9 2 5 2 7 2 8 5 16 9 15 7 5 17 8 4 13 5 9 4 14 12 8 4 16 15 10 4 11 13 17 6 3 12 14 3 10 6 3
Cost 22609749
9 14 5 8 10 16 7 5 17 9 13 8 5 7 10 14 15 5 9 8 7 16 4 13 10 17 4 9 12 14 4 15 3 11 4 3 13 16 3 6 12 3 17 14 11 6 15 1 1 1 1 6 12 16 2 11 2 6 2 17 2 15 10 8 12 13 11 7
Cost 23621535
3 11 9 3 6 16 7 12 17 13 14 9 11 7 15 1 1 1 1 12 7 16 13 11 14 17 10 7 2 15 2 12 2 8 2 13 10 16 14 4 5 8 17 4 15 5 10 4 13 8 5 4 9 16 6 5 10 8 11 17 6 9 3 12 14 3 6 15
Cost 24770860
15 8 11 4 7 14 16 4 17 8 2 7 2 11 2 15 2 8 7 14 12 10 16 13 11 17 1 1 1 1 15 10 12 14 3 11 13 3 16 9 3 10 17 3 12 5 6 14 9 13 5 10 6 15 16 5 12 9 6 17 5 8 13 4 6 7 9 4
Cost 24770863
15 8 6 4 7 14 16 4 17 8 2 7 2 11 2 15 2 8 7 14 12 10 16 13 11 17 1 1 1 1 15 10 12 14 3 11 13 3 16 9 3 10 17 3 12 5 11 14 9 13 5 10 6 15 16 5 12 9 6 17 5 8 13 4 6 7 9 4
Cost 25164269
12 8 7 15 5 13 16 3 17 11 3 14 12 3 9 2 3 2 15 2 10 2 16 9 12 17 1 1 1 1 10 4 9 15 13 4 12 14 16 4 10 9 17 4 11 8 6 13 15 7 10 14 6 8 16 11 7 5 6 17 13 8 5 7 6 14 11 5
Cost 25988238
10 4 13 8 5 9 16 15 17 5 10 8 14 11 9 13 1 1 1 1 12 6 16 9 11 17 14 6 13 7 15 3 12 6 3 11 7 3 16 6 3 13 17 7 12 15 11 2 10 2 7 2 14 2 16 8 12 4 10 17 15 4 5 8 9 4 14 5
Cost 26532713
7 12 15 9 6 13 16 7 17 2 6 2 9 2 7 2 6 15 13 8 4 7 16 14 4 17 10 8 4 5 11 13 4 12 5 8 10 14 16 5 15 11 17 8 5 12 10 1 1 1 1 14 11 9 16 15 10 12 3 17 13 3 9 11 3 14 6 3
Cost 26976770
5 4 15 7 12 4 16 13 17 2 11 2 14 2 9 2 12 15 6 10 13 11 16 9 6 17 14 8 3 10 6 3 9 13 3 8 6 3 16 10 15 9 17 8 1 1 1 1 12 10 7 8 14 5 16 15 11 7 5 17 12 4 13 5 7 4 14 11
Cost 28121988
2 4 2 14 2 4 16 13 17 4 9 12 15 4 10 1 1 1 1 9 13 5 16 12 10 17 5 15 9 14 11 5 8 6 10 12 5 9 16 6 8 11 17 14 10 6 7 12 8 13 15 6 11 7 16 3 8 14 3 17 7 3 13 11 3 15 2 7
Cost 28278478
1 1 1 1 3 10 16 3 17 11 3 15 2 3 2 10 2 13 2 14 11 8 16 9 12 17 15 4 6 8 13 4 9 14 6 4 12 8 16 4 6 9 17 13 7 8 6 14 12 15 9 7 5 10 16 11 13 5 7 17 12 14 5 10 15 7 11 5
Cost 30317147
10 2 9 14 6 11 12 16 17 13 10 15 1 1 1 1 11 14 12 7 10 8 13 16 4 17 7 11 4 8 12 14 4 7 15 13 4 8 11 16 7 5 17 9 3 8 5 3 13 15 3 5 9 3 6 16 5 14 10 17 6 9 12 2 15 2 6 2
Cost 30396769
6 13 9 11 5 15 6 16 17 5 12 10 6 2 13 2 14 2 6 2 15 10 12 16 4 17 7 13 4 8 14 10 4 7 12 15 4 8 11 16 7 10 17 9 14 8 12 7 3 11 15 3 9 8 3 16 13 3 14 17 11 9 5 1 1 1 1 5
Cost 30600955
3 15 4 3 11 13 4 16 17 10 4 1 1 1 1 11 15 12 9 10 2 14 2 16 2 17 2 9 5 12 7 15 8 5 13 14 9 7 5 16 8 12 17 5 7 9 6 13 8 14 11 7 6 12 15 16 8 10 6 17 13 11 3 14 6 3 4 10
Cost 31653650
10 5 13 14 8 7 5 16 17 12 10 5 7 11 15 13 5 14 4 7 10 12 4 16 11 17 4 9 13 15 4 3 6 12 3 11 9 3 6 16 3 13 17 14 6 9 11 2 8 2 6 2 15 2 9 16 8 14 10 17 1 1 1 1 8 12 7 15
Cost 31761819
10 5 13 14 8 7 5 16 17 12 10 5 7 11 15 13 5 14 4 7 10 12 4 16 11 17 4 9 13 15 4 14 6 12 3 11 9 3 6 16 3 13 17 3 6 9 11 2 8 2 6 2 15 2 9 16 8 14 10 17 1 1 1 1 8 12 7 15
Cost 31873208
10 5 11 14 8 7 5 16 17 12 10 5 7 11 15 13 5 14 9 7 10 12 4 16 11 17 4 9 13 15 4 14 6 12 4 11 9 3 6 16 3 13 17 3 6 9 3 2 8 2 6 2 15 2 13 16 8 14 10 17 1 1 1 1 8 12 7 15
Cost 32146575
12 4 8 13 9 4 11 16 17 5 8 15 14 9 5 6 13 11 8 5 10 6 9 16 5 17 15 6 11 13 10 9 12 6 1 1 1 1 14 16 10 2 17 2 12 2 7 2 3 15 10 3 14 7 3 16 12 3 13 17 7 4 8 11 15 4 14 7
Cost 32146585
12 4 8 13 9 4 11 16 17 5 8 15 14 9 5 6 13 11 8 5 10 6 9 16 5 17 15 6 11 13 10 9 12 6 1 1 1 1 14 16 10 15 17 2 12 2 7 2 3 2 10 3 14 7 3 16 12 3 13 17 7 4 8 11 15 4 14 7
Cost 32256917
12 4 8 13 9 4 11 16 17 5 8 15 14 9 5 6 13 11 8 5 10 6 9 16 5 17 14 6 11 13 10 9 12 6 15 1 1 1 1 16 10 2 17 2 12 2 7 2 3 15 10 3 14 7 3 16 12 3 13 17 7 4 8 11 15 4 14 7
Cost 34012445
5 1 1 1 1 5 9 11 17 14 3 13 16 3 8 9 3 15 11 3 7 12 8 14 9 17 10 7 16 11 8 4 15 12 7 4 10 14 8 4 13 7 17 4 16 12 10 15 2 6 2 14 2 13 2 6 10 12 5 17 16 6 15 5 11 9 13 6
Cost 34058207
2 6 2 15 2 12 9 6 17 10 14 5 16 6 3 9 5 3 15 13 3 5 8 3 9 17 5 7 16 11 8 4 13 15 7 4 14 12 8 4 11 7 17 4 16 13 8 10 7 12 14 11 1 1 1 1 15 10 13 17 16 12 11 6 14 9 2 10
Cost 34348585
10 4 3 6 14 3 11 13 17 6 10 8 16 15 12 6 7 11 14 8 13 6 9 7 5 17 12 8 16 5 7 9 14 13 5 8 15 7 12 5 9 2 17 2 16 2 14 2 10 9 12 15 11 1 1 1 1 4 10 17 16 4 13 11 3 4 15 3
Cost 35159640
15 7 12 8 1 1 1 1 17 10 14 8 16 13 2 15 2 6 2 8 2 3 9 6 3 17 13 3 16 6 3 9 11 4 12 6 14 4 15 13 9 4 17 11 16 4 12 10 7 9 14 5 13 15 11 7 5 10 12 17 16 5 7 8 14 11 5 10
Cost 35272113
15 7 12 8 1 1 1 1 17 10 14 8 16 9 2 15 2 6 2 8 2 11 9 6 3 17 13 3 16 6 3 9 11 3 12 6 14 4 15 13 9 4 17 11 16 4 12 10 7 4 14 5 13 15 11 7 5 10 12 17 16 5 7 8 14 13 5 10
Cost 35398625
15 7 12 8 1 1 1 1 17 10 14 8 16 9 2 15 2 6 2 8 2 11 9 6 14 17 13 3 16 6 3 9 11 3 12 6 3 4 15 13 9 4 17 11 16 4 12 10 7 4 14 5 13 15 11 7 5 10 12 17 16 5 7 8 14 13 5 10
Cost 35809694
7 14 4 15 11 8 4 7 17 13 3 12 16 3 7 14 3 10 15 3 2 7 2 12 2 17 2 10 16 1 1 1 1 15 6 12 9 10 13 11 6 14 17 5 16 9 6 10 5 8 11 13 6 5 9 14 15 8 5 17 16 11 4 9 13 8 4 12
Cost 35906476
7 14 4 15 11 8 4 7 17 13 3 12 16 3 7 14 3 10 2 3 2 7 2 12 2 17 15 10 16 14 1 1 1 1 6 12 9 10 13 11 6 15 17 5 16 9 6 10 5 8 11 13 6 5 9 14 15 8 5 17 16 11 4 9 13 8 4 12
Cost 35906478
7 14 4 15 11 8 4 7 17 13 3 12 16 3 7 14 3 10 15 3 2 7 2 12 2 17 2 10 16 14 1 1 1 1 6 12 9 10 13 11 6 15 17 5 16 9 6 10 5 8 11 13 6 5 9 14 15 8 5 17 16 11 4 9 13 8 4 12
Cost 36124493
4 9 7 6 4 13 8 5 17 6 9 12 5 16 15 6 10 5 13 9 14 6 5 12 3 17 10 3 9 16 3 13 11 3 14 12 10 15 1 1 1 1 17 11 13 16 10 12 14 7 8 2 15 2 11 2 7 2 8 17 4 16 14 7 4 11 8 15
Cost 36124496
4 9 7 6 4 13 8 5 17 6 9 12 5 16 15 6 10 5 13 9 14 11 5 12 3 17 10 3 9 16 3 13 11 3 14 12 10 15 1 1 1 1 17 11 13 16 10 12 14 7 8 2 15 2 11 2 7 2 8 17 4 16 14 7 4 6 8 15
Cost 36507308
5 11 14 6 7 5 8 13 17 6 5 7 11 16 8 6 14 10 7 15 13 6 8 11 4 17 9 10 4 16 14 12 4 13 15 9 4 10 1 1 1 1 17 12 9 16 2 10 2 15 2 3 2 9 3 12 14 3 11 17 3 16 13 5 15 7 8 12
Cost 37522215
5 14 4 9 8 5 4 15 17 10 4 12 8 16 2 14 2 7 2 10 2 11 15 12 7 17 13 3 6 16 3 7 11 3 6 12 3 15 7 13 6 14 17 11 9 16 6 12 1 1 1 1 13 9 11 14 8 10 5 17 15 16 9 5 8 13 4 10
Cost 37931485
3 6 14 3 11 9 3 13 17 3 12 10 15 16 9 11 14 1 1 1 1 10 12 5 8 17 11 15 5 16 14 10 8 5 12 4 13 11 5 4 8 10 17 4 14 16 7 4 8 13 15 6 2 7 2 9 2 6 2 17 7 16 13 6 9 15 12 7
Cost 38598788
11 14 4 7 5 13 4 12 17 5 7 11 15 16 5 14 8 7 10 12 1 1 1 1 8 17 9 15 10 16 3 6 8 3 13 9 3 6 10 3 8 14 17 6 9 16 11 13 10 6 15 12 2 9 2 14 2 11 2 17 13 16 4 12 7 15 4 5
Cost 39188963
7 2 15 3 11 13 3 7 17 3 14 8 3 16 7 11 6 15 13 8 12 7 6 10 14 17 11 8 6 16 9 5 12 10 6 8 5 11 14 9 15 5 17 10 12 16 5 13 9 1 1 1 1 10 4 15 12 9 4 17 13 16 4 2 14 2 4 2
Cost 39702792
5 11 7 15 10 5 14 12 17 7 5 13 11 16 10 5 7 9 15 12 14 6 8 7 13 17 9 6 4 16 8 12 4 6 14 9 4 13 8 6 4 15 17 12 9 16 8 11 14 2 13 2 10 2 3 2 15 3 11 17 3 16 10 3 1 1 1 1
Cost 40253800
5 15 9 6 8 5 7 10 17 6 13 9 14 7 16 6 15 10 11 12 9 6 2 13 2 17 2 10 2 11 16 12 1 1 1 1 13 10 14 15 11 3 17 12 3 4 16 3 8 4 3 11 14 4 15 12 8 4 5 17 7 9 16 5 8 13 14 7
Cost 40346216
2 15 2 8 2 12 2 9 17 3 14 8 3 13 16 3 15 12 3 8 1 1 1 1 14 17 13 8 4 6 16 15 4 10 11 6 4 7 14 13 4 6 17 10 7 11 16 6 9 12 5 7 13 10 15 5 11 9 7 17 5 12 16 10 14 5 9 11
Cost 40676339
13 2 10 2 12 5 15 11 17 14 5 8 10 13 16 5 12 7 11 8 5 15 10 14 7 17 13 8 12 11 16 7 10 4 9 8 15 4 7 13 12 4 17 9 3 4 16 3 6 14 3 15 9 3 6 1 1 1 1 17 6 9 16 14 11 2 6 2
Cost 41148138
5 4 10 7 12 4 9 14 17 4 7 8 10 15 16 9 12 7 13 8 3 14 10 3 9 17 3 8 12 3 16 13 10 9 11 8 15 6 1 1 1 1 17 6 13 11 16 14 2 6 2 15 2 5 2 6 11 13 5 17 12 14 16 5 7 4 15 11
Cost 41148357
5 4 10 7 12 4 9 14 17 4 7 8 10 4 16 9 12 7 13 8 3 15 10 3 9 17 3 8 12 3 16 13 10 14 11 8 15 6 1 1 1 1 17 6 13 11 16 14 2 6 2 15 2 5 2 6 11 13 5 17 12 14 16 5 7 9 15 11
Cost 41757991
12 2 9 2 6 4 10 15 17 4 6 9 12 4 16 8 10 4 11 13 9 14 15 8 12 17 10 7 5 11 16 8 13 5 7 14 12 15 5 8 11 7 17 5 3 13 16 3 7 14 3 11 15 3 1 1 1 1 13 17 6 9 16 14 10 2 6 2
Cost 42093297
3 6 10 3 14 12 3 6 17 13 11 4 10 15 16 4 8 12 14 4 9 5 13 4 8 17 5 7 15 9 16 5 8 2 7 2 5 2 9 2 8 7 17 15 14 11 16 9 7 12 10 13 1 1 1 1 11 6 14 17 10 12 16 6 13 3 15 11
Cost 42714360
7 11 13 12 8 10 15 2 17 2 6 2 11 2 16 12 6 1 1 1 1 15 6 11 14 17 3 12 6 3 16 13 3 4 11 3 15 4 14 12 9 4 17 10 13 4 16 7 8 9 5 15 14 10 7 5 8 13 9 17 5 7 16 10 8 5 14 9
Cost 43845661
15 6 3 14 12 3 9 6 17 11 8 10 5 6 16 9 4 5 8 13 4 10 5 15 4 17 8 5 4 14 16 10 13 2 8 2 12 2 15 2 7 10 17 14 11 13 16 7 12 1 1 1 1 15 7 11 9 14 13 17 12 7 16 6 3 9 11 3
Cost 45132319
1 1 15 10 5 11 6 13 17 5 12 14 6 10 5 16 11 15 6 5 13 9 12 10 6 17 3 11 8 3 9 16 3 13 12 3 8 14 11 9 15 4 17 7 8 4 12 16 9 4 7 14 8 4 2 15 2 7 2 17 2 10 13 16 7 14 1 1
Cost 45704869
15 14 11 7 10 6 13 9 17 12 7 6 8 11 10 16 9 7 4 13 8 12 4 15 11 17 4 14 8 5 4 16 13 12 5 11 8 3 15 5 3 14 17 3 5 13 3 16 1 1 1 1 10 15 2 14 2 9 2 17 2 6 10 16 7 12 9 6
Cost 46195294
12 4 10 13 5 4 14 7 17 9 3 15 12 3 7 16 3 6 9 3 14 7 8 6 12 17 15 9 7 6 8 16 13 11 14 6 9 2 8 2 10 2 17 2 11 13 8 16 14 15 10 1 1 1 1 11 12 5 13 17 10 4 5 16 15 4 11 5
Cost 46319181
9 15 4 10 8 6 4 13 17 9 4 6 14 10 4 16 15 12 9 1 1 1 1 10 11 17 2 9 2 12 2 16 2 10 3 11 13 3 14 15 3 12 17 3 7 5 11 16 8 13 5 7 14 12 15 5 8 11 7 17 5 6 13 16 8 7 14 6
Cost 46505889
2 14 2 9 2 8 7 11 17 15 6 3 9 10 3 16 6 3 11 13 3 9 6 10 15 17 12 14 6 11 9 16 13 10 1 1 1 1 12 15 4 14 17 10 4 13 5 16 4 8 12 5 4 7 15 14 5 8 13 17 7 5 12 16 11 8 2 7
Cost 46505894
2 14 2 9 2 8 2 11 17 15 6 3 9 10 3 16 6 3 11 13 3 9 6 10 15 17 12 14 6 11 9 16 13 10 1 1 1 1 12 15 4 14 17 10 4 13 7 16 4 8 12 5 4 7 15 14 5 8 13 17 7 5 12 16 11 8 5 7
Cost 46548088
2 14 2 9 2 8 7 11 17 15 6 3 9 7 3 16 6 3 11 13 3 9 6 10 15 17 12 14 6 11 9 16 13 10 1 1 1 1 12 15 4 14 17 10 4 13 5 16 4 8 12 5 4 10 15 14 5 8 13 17 7 5 12 16 11 8 2 7
Cost 48066892
11 2 12 2 7 2 14 2 17 10 13 7 5 15 12 16 8 5 7 10 14 9 5 13 8 17 12 5 15 10 9 16 8 4 14 11 13 4 12 9 8 4 17 15 6 4 11 16 9 13 6 1 1 1 1 3 6 11 3 17 14 3 6 16 3 7 15 10
Cost 48536131
12 4 5 14 6 4 13 10 17 4 6 15 11 4 7 16 6 10 2 13 2 7 2 11 2 17 15 10 7 14 3 16 12 3 11 7 3 10 8 3 9 15 17 14 12 11 8 16 13 9 1 1 1 1 8 5 12 14 9 17 5 13 8 16 15 5 6 9
Cost 48645676
1 1 8 10 14 9 13 5 17 12 8 15 5 10 9 16 4 5 8 13 4 12 5 10 4 17 15 11 4 7 14 16 13 2 6 2 7 2 11 2 6 15 17 7 14 13 6 16 3 11 7 3 6 12 3 9 15 3 14 17 11 10 8 16 9 12 1 1
Cost 48731497
4 8 9 1 1 1 1 5 17 10 13 9 5 15 12 16 14 5 3 10 9 3 5 13 3 17 12 3 15 9 14 16 11 2 6 2 13 2 12 2 6 7 17 11 14 8 6 16 7 13 12 15 6 8 11 7 4 10 14 17 4 8 7 16 4 11 15 10
Cost 49228883
15 3 12 14 3 8 6 3 17 10 13 11 6 8 12 15 16 14 6 10 7 8 11 13 6 17 12 7 9 10 5 14 16 11 7 5 13 9 15 4 5 7 17 4 11 5 9 4 16 13 2 4 2 15 2 9 2 14 12 17 1 1 1 1 16 8 3 10
Cost 49466039
9 8 12 1 1 1 1 13 17 9 11 2 15 2 12 2 16 2 9 10 13 11 6 7 14 17 5 9 6 10 7 5 16 13 6 15 5 7 14 10 6 5 17 4 7 8 12 4 16 10 15 4 14 8 3 4 11 3 12 17 3 8 13 3 16 15 14 11
Cost 49468389
9 8 12 1 1 1 1 13 17 9 11 2 15 2 12 2 16 2 9 10 13 11 6 7 14 17 12 9 6 10 7 5 16 13 6 15 5 7 14 10 6 5 17 4 7 8 5 4 16 10 15 4 14 8 3 4 11 3 12 17 3 8 13 3 16 15 14 11
Cost 49504120
1 1 1 1 7 15 12 8 17 4 9 11 14 4 13 8 16 4 12 9 15 4 11 8 5 17 10 13 9 5 12 8 16 11 5 15 10 9 14 5 13 2 17 2 11 2 10 2 16 6 15 7 14 13 3 6 10 3 7 17 3 6 12 3 16 7 14 6
Cost 49504661
11 1 1 1 1 15 12 8 17 4 9 11 14 4 13 8 16 4 12 9 15 4 11 8 5 17 10 13 9 5 12 8 16 11 5 15 10 9 14 5 13 2 17 2 7 2 10 2 16 6 15 7 14 13 3 6 10 3 7 17 3 6 12 3 16 7 14 6
Cost 49505096
11 9 1 1 1 1 12 8 17 4 9 11 14 4 13 8 16 4 12 9 15 4 11 8 5 17 10 13 9 5 12 8 16 11 5 15 10 7 14 5 13 2 17 2 7 2 10 2 16 6 15 7 14 13 3 6 10 3 7 17 3 6 12 3 16 15 14 6
Cost 49663765
15 3 12 14 3 8 6 3 17 10 13 11 6 8 12 15 16 14 6 10 7 8 11 13 6 17 12 7 9 10 15 14 16 11 7 5 13 9 12 4 5 7 17 4 11 5 9 4 16 13 5 4 2 15 2 9 2 14 2 17 1 1 1 1 16 8 3 10
Cost 51929794
2 8 2 15 2 11 14 12 17 10 13 1 1 1 1 7 16 9 15 12 14 3 7 5 3 17 9 3 5 7 3 12 16 5 14 9 7 6 5 13 11 15 17 6 9 8 4 10 16 6 4 11 13 8 4 6 15 10 4 17 14 8 11 12 16 13 2 10
Cost 52635906
6 2 9 2 5 2 11 2 17 5 12 9 14 10 5 15 16 11 3 5 9 3 12 10 3 17 14 3 13 9 15 8 16 10 12 1 1 1 1 8 14 13 17 10 7 15 12 8 16 4 6 7 11 4 13 8 6 4 7 17 15 4 6 11 16 7 14 13
Cost 52635916
6 2 9 2 5 2 11 15 17 5 12 9 14 10 5 13 16 11 3 5 9 3 12 10 3 17 14 3 13 9 15 8 16 10 12 1 1 1 1 8 14 13 17 10 7 15 12 8 16 4 6 7 11 4 13 8 6 4 7 17 15 4 6 11 16 7 14 2
Cost 53230967
15 3 8 4 9 11 13 4 17 14 8 4 12 9 7 15 11 16 8 13 10 7 9 14 12 17 8 11 7 5 10 9 13 16 5 7 12 14 15 5 10 2 17 2 5 2 6 2 12 16 10 14 6 15 1 1 1 1 6 17 3 13 11 3 6 16 3 4
Cost 53480563
6 14 4 9 5 10 4 11 17 5 4 12 9 7 5 14 15 16 11 13 7 9 2 12 2 17 2 7 2 11 9 15 13 16 7 12 8 1 1 1 1 14 17 10 8 13 15 12 3 16 6 3 8 10 3 14 6 3 13 17 8 15 6 10 11 16 4 5
Cost 54033238
14 11 3 10 6 3 12 15 17 2 6 2 11 2 14 2 6 16 12 8 9 5 15 11 13 17 5 8 14 9 12 5 7 16 11 8 5 13 9 7 4 10 17 8 4 15 7 9 4 16 13 10 4 7 14 1 1 1 1 17 15 10 12 13 3 16 6 3
Cost 54521498
5 9 13 10 8 5 12 4 17 11 9 4 14 10 15 4 6 16 12 4 11 3 6 10 3 17 14 3 6 15 3 13 7 16 6 1 1 1 1 7 14 2 17 2 13 2 7 2 8 16 12 9 15 7 14 11 8 13 5 17 9 10 12 5 8 16 11 15
Cost 54578384
15 5 11 13 6 9 5 14 17 10 6 5 8 11 9 15 13 16 4 10 8 14 4 9 11 17 4 12 8 13 4 3 9 16 3 11 8 3 15 12 3 7 17 1 1 1 1 14 7 16 2 12 2 15 2 7 2 10 13 17 6 14 7 12 5 16 6 10
Cost 55254476
5 10 14 9 15 5 7 8 17 13 5 10 9 7 12 8 14 16 11 15 7 10 13 8 4 17 12 7 4 11 14 10 4 16 15 13 4 2 12 2 11 2 17 2 1 1 1 1 6 16 12 11 3 9 6 3 14 15 3 17 6 3 9 5 13 16 6 8
Cost 55897463
8 10 3 13 11 3 7 12 17 15 4 10 14 7 4 11 13 16 4 9 7 10 4 6 15 17 14 7 9 6 2 10 2 16 2 6 2 9 5 12 14 6 17 5 8 13 9 15 5 16 11 12 8 5 1 1 1 1 13 17 8 11 15 12 3 16 14 3
Cost 55964541
4 3 9 13 3 10 8 3 17 15 11 9 14 5 8 10 13 16 5 12 7 11 8 5 15 17 14 7 5 13 8 12 11 16 7 1 1 1 1 6 14 7 17 12 2 6 2 15 2 16 2 6 9 10 14 12 4 6 13 17 4 9 15 10 4 16 3 11
Cost 56109675
5 15 10 13 8 5 12 7 17 11 5 4 8 14 7 4 15 16 12 4 2 7 2 4 2 17 2 14 7 6 12 15 13 16 9 6 1 1 1 1 10 6 17 9 11 13 15 6 3 16 10 3 9 14 3 11 8 3 13 17 10 9 12 5 8 16 11 14
Cost 56117022
5 13 8 7 12 5 6 15 17 11 8 4 6 14 13 4 12 16 6 4 11 9 15 4 6 17 3 14 12 3 9 10 3 16 2 3 2 15 2 9 2 10 17 13 1 1 1 1 9 16 7 10 15 14 8 11 13 7 5 17 12 10 8 5 7 16 11 14
Cost 57444925
15 4 10 8 12 4 7 14 17 4 11 8 10 7 5 15 12 9 16 5 7 14 10 13 5 17 9 7 12 5 1 1 1 1 16 9 13 2 15 2 12 2 17 2 9 11 6 14 3 13 16 3 6 15 3 8 11 3 6 17 10 14 13 8 6 4 16 11
Cost 58165266
12 15 5 7 10 8 11 4 17 14 7 4 12 8 10 4 15 11 16 4 6 8 13 14 10 17 6 3 11 8 3 15 6 3 16 13 3 14 6 11 9 2 17 2 12 2 15 2 13 9 16 1 1 1 1 5 12 7 9 17 5 13 10 14 7 5 16 9
Cost 58654425
14 4 13 7 8 4 9 15 17 4 7 12 8 4 14 9 10 7 16 11 8 6 15 12 7 17 10 6 8 3 11 13 3 6 16 3 10 15 3 6 14 11 17 5 13 2 10 2 5 2 16 2 11 5 14 12 9 13 5 17 15 1 1 1 1 9 16 12
Cost 58712753
10 6 3 15 8 11 14 6 17 12 13 2 8 2 5 2 11 2 16 5 8 12 9 13 5 17 15 11 8 5 7 9 14 12 16 4 13 7 10 4 9 15 17 4 7 12 14 4 10 9 16 7 1 1 1 1 15 6 10 17 14 3 11 6 3 13 16 3
Cost 58901654
10 9 14 4 8 12 7 4 17 15 9 4 8 7 13 4 14 12 16 9 1 1 1 1 15 17 5 13 9 12 14 5 11 2 16 2 5 2 10 2 13 5 17 11 14 6 3 15 10 3 16 6 3 13 11 3 8 6 10 17 7 12 15 6 8 11 16 7
Cost 58954848
11 2 5 2 8 2 13 12 17 6 14 11 8 15 3 6 10 3 16 13 3 6 11 3 14 17 10 6 15 1 1 1 1 7 16 9 10 4 14 12 7 4 17 15 9 4 10 7 13 4 16 12 14 9 7 5 8 11 15 17 5 13 9 12 8 5 16 2
Cost 59566100
10 15 7 11 5 6 13 14 17 7 10 6 1 1 1 1 15 6 16 13 10 14 2 6 2 17 2 8 2 12 3 15 13 3 16 8 3 9 11 3 4 12 17 8 4 13 9 14 4 11 16 8 4 12 15 9 7 5 10 17 11 14 5 7 9 12 16 5
Cost 59817603
4 2 14 9 4 8 13 15 17 1 1 1 1 8 3 12 14 3 16 13 3 8 15 3 11 17 5 12 10 8 14 5 13 7 16 11 5 15 10 12 7 5 17 6 9 13 11 7 10 6 16 12 15 9 7 6 14 11 10 17 4 6 9 2 4 2 16 2
Cost 60311056
15 1 1 1 1 6 10 7 17 14 13 6 5 11 7 15 10 5 16 12 9 7 5 14 11 17 10 5 7 9 15 12 4 8 16 11 4 14 9 13 4 8 17 12 4 3 11 9 3 8 16 3 13 15 3 12 2 8 2 17 2 6 2 14 10 13 16 6
Cost 60617089
14 12 3 8 1 1 1 1 17 15 13 8 4 9 14 2 4 2 16 2 4 2 9 6 4 17 10 11 14 6 7 9 15 12 16 6 10 7 11 13 9 6 17 5 7 12 10 15 5 11 16 7 13 5 14 8 10 12 5 17 11 3 15 8 3 13 16 3
Cost 60634758
15 14 5 7 9 12 4 5 17 11 4 10 5 9 4 14 6 5 4 16 11 10 6 15 8 17 13 3 6 14 3 10 8 3 6 16 3 12 15 13 8 10 17 14 1 1 1 1 8 12 7 16 13 15 9 11 2 7 2 17 2 12 2 9 7 13 11 16
Cost 61534678
13 10 8 5 14 9 11 15 17 3 8 10 3 13 9 3 4 11 3 16 4 10 15 9 4 17 13 6 4 12 14 10 9 6 2 16 2 15 2 6 2 12 17 7 14 6 1 1 1 1 7 16 11 12 8 13 5 7 14 17 15 5 8 11 7 12 5 16
Cost 61786066
15 4 7 14 8 4 5 11 17 7 12 5 8 13 10 15 5 14 11 16 8 5 12 9 10 17 13 3 8 11 3 14 9 3 10 16 3 6 15 13 11 9 17 6 10 1 1 1 1 6 9 16 13 15 12 6 7 14 2 17 2 4 2 7 2 4 12 16
Cost 61876797
6 4 15 10 14 4 9 11 17 4 12 5 8 10 13 9 5 15 11 16 8 5 12 10 9 17 5 13 8 11 14 7 15 9 12 16 8 2 7 2 13 2 17 2 14 7 1 1 1 1 6 16 7 13 3 15 6 3 14 17 3 10 6 3 11 4 12 16
Cost 61879882
12 4 13 14 6 4 8 11 17 15 6 5 12 7 8 13 5 14 11 16 7 5 8 10 12 17 5 7 13 11 8 14 15 10 7 16 9 1 1 1 1 13 17 10 2 9 2 15 2 3 2 16 3 10 9 3 12 14 3 17 6 4 15 9 11 4 6 16
Cost 62987907
13 15 9 11 8 5 6 10 17 14 5 9 6 13 11 5 15 10 6 16 5 12 7 14 6 17 13 10 2 7 2 15 2 12 2 16 7 14 1 1 1 1 17 7 3 12 15 3 8 11 3 16 9 3 4 13 8 12 4 17 11 9 4 14 8 10 4 16
Cost 63930418
14 8 12 7 9 10 5 13 17 8 7 5 15 9 14 10 5 8 6 16 13 5 9 3 6 17 3 15 14 3 6 9 3 11 12 16 6 1 1 1 1 2 17 2 11 2 12 2 4 13 15 16 4 10 14 11 4 7 12 17 4 8 13 10 7 15 11 16
Cost 64068787
6 2 14 2 11 2 6 2 17 15 12 3 6 10 3 11 14 3 6 16 3 13 12 10 15 17 1 1 1 1 14 7 4 10 13 16 4 9 7 15 4 8 17 10 4 7 9 13 5 8 11 16 7 5 12 9 14 8 5 17 13 11 15 5 9 8 12 16
Cost 64157894
13 11 4 7 14 10 4 15 17 12 7 3 11 13 3 10 8 3 14 16 3 12 15 11 8 17 13 1 1 1 1 5 8 12 11 16 5 15 9 13 8 5 17 6 14 12 5 9 2 6 2 16 2 10 2 6 9 7 14 17 15 6 4 10 7 9 4 16
Cost 64274209
11 15 7 9 12 4 8 14 17 4 13 11 9 4 8 3 15 4 3 16 6 3 11 13 3 17 6 1 1 1 1 15 6 14 10 16 12 2 6 2 5 2 17 2 10 5 15 14 12 7 5 16 13 9 10 5 7 11 8 17 12 14 9 7 10 13 8 16
Cost 64654164
16 15 12 8 6 11 13 10 17 3 6 8 3 14 12 3 15 10 3 8 16 1 1 1 1 17 12 14 2 9 2 15 2 4 2 13 16 4 9 5 11 4 17 7 5 4 15 9 13 5 7 11 16 14 5 10 9 7 12 17 6 13 11 8 7 10 6 14
Cost 64763737
16 8 13 4 14 11 9 4 17 8 12 1 1 1 1 9 11 6 14 15 16 3 12 6 3 17 7 3 10 6 3 13 14 7 15 6 16 2 10 2 7 2 17 2 13 5 14 7 10 15 5 11 16 8 12 5 9 13 10 17 5 8 11 4 15 9 12 4
Cost 64764617
16 8 13 4 14 11 9 4 17 8 12 15 1 1 1 1 11 6 14 7 16 3 12 6 3 17 7 3 10 6 3 13 14 7 15 6 16 2 10 2 7 2 17 2 13 5 14 9 10 15 5 11 16 8 12 5 9 13 10 17 5 8 11 4 15 9 12 4
Cost 64765175
16 8 13 4 14 11 9 4 17 8 12 15 7 1 1 1 1 6 14 7 16 3 12 6 3 17 7 3 10 6 3 13 14 7 15 6 16 2 10 2 11 2 17 2 13 5 14 9 10 15 5 11 16 8 12 5 9 13 10 17 5 8 11 4 15 9 12 4
Cost 64994873
16 2 12 2 15 2 11 9 17 13 1 1 1 1 12 8 9 11 14 15 16 3 13 8 3 17 12 3 11 4 3 8 14 4 15 10 16 4 12 8 7 4 17 5 6 10 14 7 5 15 6 13 16 5 7 10 6 9 5 17 14 7 6 11 13 10 9 2
Cost 64995097
16 2 12 2 15 2 11 9 17 13 1 1 1 1 12 8 9 11 14 15 16 3 13 8 3 17 12 3 11 4 3 8 14 4 15 10 16 4 5 8 7 4 17 5 6 10 14 7 5 15 6 13 16 5 7 10 6 9 12 17 14 7 6 11 13 10 9 2
Cost 65609029
16 15 12 8 6 11 13 10 17 3 6 8 3 14 12 3 15 10 3 8 16 1 1 1 1 17 2 14 2 9 2 15 2 4 5 13 16 4 9 5 11 4 17 7 5 4 12 9 13 5 7 11 16 14 15 10 9 7 12 17 6 13 11 8 7 10 6 14
Cost 67553676
16 7 1 1 1 1 13 10 17 12 14 11 2 15 2 8 2 10 2 13 16 12 11 8 14 17 4 10 15 6 4 8 13 11 4 6 16 10 4 8 9 6 17 15 11 13 5 6 7 9 14 5 16 12 3 7 5 3 9 17 3 5 7 3 14 12 15 9
Cost 68527851
16 13 5 10 14 9 12 5 17 15 11 2 5 2 9 2 6 2 14 7 16 11 6 4 15 17 7 4 6 8 13 4 11 7 6 4 16 8 12 15 7 10 17 13 14 8 1 1 1 1 12 10 16 8 15 9 13 3 14 17 3 10 12 3 9 5 3 11
Cost 68527860
16 15 5 10 14 9 12 5 17 2 11 2 5 2 9 2 6 13 14 7 16 11 6 4 15 17 7 4 6 8 13 4 11 7 6 4 16 8 12 15 7 10 17 13 14 8 1 1 1 1 12 10 16 8 15 9 13 3 14 17 3 10 12 3 9 5 3 11
Cost 69038468
11 16 5 10 6 14 12 5 17 13 6 11 5 10 15 1 1 1 1 14 7 16 13 10 2 17 2 7 2 15 2 4 8 14 7 4 9 16 12 4 8 7 17 4 15 9 11 14 8 3 12 13 3 16 9 3 8 11 3 17 6 10 12 9 13 5 6 15
Cost 69623022
9 16 10 11 8 6 7 12 17 9 13 6 10 7 11 14 15 6 9 12 7 16 10 6 2 17 2 9 2 14 2 15 10 1 1 1 1 16 3 13 5 3 17 14 3 5 15 3 8 11 5 12 13 16 4 5 8 14 4 17 11 15 4 12 8 13 4 7
Cost 69786899
3 16 7 3 12 15 3 9 17 7 14 4 5 13 10 4 12 5 11 4 15 16 5 4 10 17 13 5 12 11 1 1 1 1 10 15 14 16 8 13 11 2 17 2 10 2 8 2 9 6 14 11 13 16 8 6 7 9 15 17 12 6 8 7 14 3 9 6
Cost 70237916
6 16 3 7 9 3 6 15 17 11 7 8 2 9 2 14 2 7 2 8 11 16 12 5 7 17 13 8 5 14 15 10 4 5 12 8 4 16 5 13 4 10 17 14 4 15 12 1 1 1 1 10 13 16 9 11 6 14 12 17 15 10 6 9 3 13 11 3
Cost 70434169
6 16 3 10 9 3 6 15 17 11 7 8 2 9 2 14 2 7 2 8 11 16 12 5 7 17 13 8 5 14 15 7 4 5 12 8 4 16 5 13 4 10 17 14 4 15 12 1 1 1 1 10 13 16 9 11 6 14 12 17 15 10 6 9 3 13 11 3
Cost 70434174
6 16 3 10 9 3 6 15 17 11 2 8 2 9 2 14 2 7 5 8 11 16 12 5 7 17 13 8 5 14 15 7 4 5 12 8 4 16 7 13 4 10 17 14 4 15 12 1 1 1 1 10 13 16 9 11 6 14 12 17 15 10 6 9 3 13 11 3
Cost 70478076
15 16 4 10 14 6 4 9 17 13 4 6 8 10 4 15 9 6 14 7 8 16 13 6 5 17 7 11 8 5 15 12 14 7 5 13 8 16 11 5 7 3 17 12 3 15 14 3 13 11 3 10 2 16 2 12 2 9 2 17 11 10 1 1 1 1 9 12
Cost 71864817
8 16 12 15 5 7 13 10 17 2 14 2 7 2 12 2 11 10 15 7 3 16 6 3 14 17 3 11 6 3 1 1 1 1 6 13 9 16 11 4 6 15 17 4 8 9 12 4 13 11 14 4 8 16 9 10 15 5 12 17 8 13 5 9 14 10 7 5
Cost 72168392
6 16 7 4 11 15 6 4 17 10 13 4 6 14 5 4 12 9 6 5 15 16 8 13 5 17 9 14 12 5 8 1 1 1 1 9 13 16 8 11 12 14 17 15 9 3 8 10 3 7 11 3 12 16 3 14 7 10 15 17 2 11 2 7 2 13 2 10
Cost 72579085
4 16 9 10 5 15 8 12 17 5 13 9 14 10 8 1 1 1 1 12 9 16 8 10 11 17 14 3 15 9 3 12 6 3 7 11 3 16 6 13 14 7 17 15 6 2 11 2 7 2 6 2 13 16 14 7 4 11 15 17 4 10 5 12 4 13 8 5
Cost 72644446
14 16 12 15 5 9 13 10 17 5 1 1 1 1 9 8 4 10 15 11 4 16 7 8 4 17 14 10 4 7 11 8 6 15 12 13 7 16 6 8 14 11 17 7 6 2 12 2 13 2 6 2 11 16 14 9 15 3 12 17 3 13 5 3 9 10 3 5
Cost 73057407
15 6 16 7 14 9 13 6 17 10 7 5 8 6 9 15 5 7 14 13 8 5 16 9 7 17 5 4 8 12 15 4 14 11 3 4 8 3 16 4 3 12 17 3 11 15 14 10 13 1 1 1 1 12 16 11 2 10 2 17 2 13 2 6 9 12 11 10
Cost 73148381
15 3 16 13 3 8 14 3 17 9 2 12 2 8 2 15 2 11 9 5 14 10 16 12 5 17 7 9 11 5 15 10 13 7 5 12 9 6 16 11 7 10 17 6 4 13 14 7 4 6 11 10 4 15 16 6 4 8 13 17 14 1 1 1 1 8 3 12
Cost 73729647
12 5 16 13 10 8 5 14 17 11 15 5 12 2 10 2 13 2 6 2 11 14 16 9 6 17 1 1 1 1 6 3 9 15 3 14 6 3 16 4 3 9 17 4 12 13 7 4 15 8 9 4 10 7 16 11 12 8 13 17 7 14 10 15 5 8 11 7
Cost 73923378
12 9 16 15 10 8 7 4 17 14 9 4 12 7 10 4 5 11 15 4 7 5 16 14 12 17 5 13 11 6 2 5 2 15 2 6 2 14 16 11 13 6 17 1 1 1 1 6 15 8 11 9 10 13 16 3 12 8 3 17 9 3 10 14 3 8 13 7
Cost 73924311
12 9 16 4 10 8 7 4 17 14 9 4 12 7 10 4 5 11 15 9 7 5 16 14 12 17 5 13 11 6 2 5 2 15 2 6 2 14 16 11 13 6 17 1 1 1 1 6 15 8 11 14 10 13 16 3 12 8 3 17 9 3 10 15 3 8 13 7
Cost 74553500
10 8 16 4 12 9 6 4 17 15 10 4 6 2 9 2 12 2 6 2 10 14 16 9 6 17 13 1 1 1 1 3 15 11 3 14 7 3 16 13 3 5 17 7 11 8 5 15 12 14 7 5 13 8 16 11 5 7 10 17 12 8 15 14 9 13 11 4
Cost 74868321
8 4 16 15 10 4 11 13 17 6 3 12 14 3 10 6 3 11 15 3 13 6 16 12 10 17 14 6 11 1 1 1 1 13 10 12 7 9 16 11 14 15 17 7 8 2 9 2 5 2 7 2 8 5 16 9 15 7 5 17 8 4 13 5 9 4 14 12
Cost 75631346
6 12 16 2 11 2 6 2 17 2 15 10 8 12 13 11 7 9 14 5 8 10 16 7 5 17 9 13 8 5 7 10 14 15 5 9 8 7 16 4 13 10 17 4 9 12 14 4 15 3 11 4 3 13 16 3 6 12 3 17 14 11 6 15 1 1 1 1
Cost 76443970
4 9 16 6 5 10 8 11 17 6 9 3 12 14 3 6 15 3 11 9 3 6 16 7 12 17 13 14 9 11 7 15 1 1 1 1 12 7 16 13 11 14 17 10 7 2 15 2 12 2 8 2 13 10 16 14 4 5 8 17 4 15 5 10 4 13 8 5
Cost 77506469
10 6 15 16 5 12 9 6 17 5 8 13 4 6 7 9 4 15 8 6 4 7 14 16 4 17 8 2 7 2 11 2 15 2 8 7 14 12 10 16 13 11 17 1 1 1 1 15 10 12 14 3 11 13 3 16 9 3 10 17 3 12 5 11 14 9 13 5
Cost 77506472
10 6 15 16 5 12 9 6 17 5 8 13 4 6 7 9 4 15 8 11 4 7 14 16 4 17 8 2 7 2 11 2 15 2 8 7 14 12 10 16 13 11 17 1 1 1 1 15 10 12 14 3 11 13 3 16 9 3 10 17 3 12 5 6 14 9 13 5
Cost 78118342
14 6 8 16 11 7 5 6 17 13 8 5 7 6 14 11 5 12 8 7 15 5 13 16 3 17 11 3 14 12 3 9 2 3 2 15 2 10 2 16 9 12 17 1 1 1 1 10 4 9 15 13 4 12 14 16 4 10 9 17 4 11 8 6 13 15 7 10
Cost 78995599
2 14 2 16 8 12 4 10 17 15 4 5 8 9 4 14 5 10 4 13 8 5 9 16 15 17 5 10 8 14 11 9 13 1 1 1 1 12 6 16 9 11 17 14 6 13 7 15 3 12 6 3 11 7 3 16 6 3 13 17 7 12 15 11 2 10 2 7
Cost 79515484
14 11 9 16 15 10 12 3 17 13 3 9 11 3 14 6 3 7 12 15 9 6 13 16 7 17 2 6 2 9 2 7 2 6 15 13 8 4 7 16 14 4 17 10 8 4 5 11 13 4 12 5 8 10 14 16 5 15 11 17 8 5 12 10 1 1 1 1
Cost 79731338
8 14 5 16 15 11 7 5 17 12 4 13 5 7 4 14 11 5 4 15 7 12 4 16 13 17 2 11 2 14 2 9 2 12 15 6 10 13 11 16 9 6 17 14 8 3 10 6 3 9 13 3 8 6 3 16 10 15 9 17 8 1 1 1 1 12 10 7
Cost 81043107
6 11 7 16 3 8 14 3 17 7 3 13 11 3 15 2 7 2 4 2 14 2 4 16 13 17 4 9 12 15 4 10 1 1 1 1 9 13 5 16 12 10 17 5 15 9 14 11 5 8 6 10 12 5 9 16 6 8 11 17 14 10 6 7 12 8 13 15
Cost 81553081
7 5 10 16 11 13 5 7 17 12 14 5 10 15 7 11 5 1 1 1 1 3 10 16 3 17 11 3 15 2 3 2 10 2 13 2 14 11 8 16 9 12 17 15 4 6 8 13 4 9 14 6 4 12 8 16 4 6 9 17 13 7 8 6 14 12 15 9
Cost 83233263
5 9 3 6 16 5 14 10 17 6 9 12 2 15 2 6 2 10 2 9 14 6 11 12 16 17 13 10 15 1 1 1 1 11 14 12 7 10 8 13 16 4 17 7 11 4 8 12 14 4 7 15 13 4 8 11 16 7 5 17 9 3 8 5 3 13 15 3
Cost 83316810
3 9 8 3 16 13 3 14 17 11 9 5 1 1 1 1 5 6 13 9 11 5 15 6 16 17 5 12 10 6 2 13 2 14 2 6 2 15 10 12 16 4 17 7 13 4 8 14 10 4 7 12 15 4 8 11 16 7 10 17 9 14 8 12 7 3 11 15
Cost 83508292
7 6 12 15 16 8 10 6 17 13 11 3 14 6 3 4 10 3 15 4 3 11 13 4 16 17 10 4 1 1 1 1 11 15 12 9 10 2 14 2 16 2 17 2 9 5 12 7 15 8 5 13 14 9 7 5 16 8 12 17 5 7 9 6 13 8 14 11
Cost 84542749
2 15 2 9 16 8 14 10 17 1 1 1 1 8 12 7 15 10 5 13 14 8 7 5 16 17 12 10 5 7 11 15 13 5 14 4 7 10 12 4 16 11 17 4 9 13 15 4 3 6 12 3 11 9 3 6 16 3 13 17 14 6 9 11 2 8 2 6
Cost 84656587
2 15 2 9 16 8 14 10 17 1 1 1 1 8 12 7 15 10 5 13 14 8 7 5 16 17 12 10 5 7 11 15 13 5 14 4 7 10 12 4 16 11 17 4 9 13 15 4 14 6 12 3 11 9 3 6 16 3 13 17 3 6 9 11 2 8 2 6
Cost 84785150
2 15 2 13 16 8 14 10 17 1 1 1 1 8 12 7 15 10 5 11 14 8 7 5 16 17 12 10 5 7 11 15 13 5 14 9 7 10 12 4 16 11 17 4 9 13 15 4 14 6 12 4 11 9 3 6 16 3 13 17 3 6 9 3 2 8 2 6
Cost 85057142
3 14 7 3 16 12 3 13 17 7 4 8 11 15 4 14 7 12 4 8 13 9 4 11 16 17 5 8 15 14 9 5 6 13 11 8 5 10 6 9 16 5 17 15 6 11 13 10 9 12 6 1 1 1 1 14 16 10 15 17 2 12 2 7 2 3 2 10
Cost 85057158
3 14 7 3 16 12 3 13 17 7 4 8 11 15 4 14 7 12 4 8 13 9 4 11 16 17 5 8 15 14 9 5 6 13 11 8 5 10 6 9 16 5 17 15 6 11 13 10 9 12 6 1 1 1 1 14 16 10 2 17 2 12 2 7 2 3 15 10
Cost 85165432
3 14 7 3 16 12 3 13 17 7 4 8 11 15 4 14 7 12 4 8 13 9 4 11 16 17 5 8 15 14 9 5 6 13 11 8 5 10 6 9 16 5 17 14 6 11 13 10 9 12 6 15 1 1 1 1 16 10 2 17 2 12 2 7 2 3 15 10
Cost 86935624
14 2 13 2 6 10 12 5 17 16 6 15 5 11 9 13 6 5 1 1 1 1 5 9 11 17 14 3 13 16 3 8 9 3 15 11 3 7 12 8 14 9 17 10 7 16 11 8 4 15 12 7 4 10 14 8 4 13 7 17 4 16 12 10 15 2 6 2
Cost 86984896
11 1 1 1 1 15 10 13 17 16 12 11 6 14 9 2 10 2 6 2 15 2 12 9 6 17 10 14 5 16 6 3 9 5 3 15 13 3 5 8 3 9 17 5 7 16 11 8 4 13 15 7 4 14 12 8 4 11 7 17 4 16 13 8 10 7 12 14
Cost 87271678
15 11 1 1 1 1 4 10 17 16 4 13 11 3 4 15 3 10 4 3 6 14 3 11 13 17 6 10 8 16 15 12 6 7 11 14 8 13 6 9 7 5 17 12 8 16 5 7 9 14 13 5 8 15 7 12 5 9 2 17 2 16 2 14 2 10 9 12
Cost 88071819
5 13 15 11 7 5 10 12 17 16 5 7 8 14 11 5 10 15 7 12 8 1 1 1 1 17 10 14 8 16 13 2 15 2 6 2 8 2 3 9 6 3 17 13 3 16 6 3 9 11 4 12 6 14 4 15 13 9 4 17 11 16 4 12 10 7 9 14
Cost 88190288
5 13 15 11 7 5 10 12 17 16 5 7 8 14 13 5 10 15 7 12 8 1 1 1 1 17 10 14 8 16 9 2 15 2 6 2 8 2 11 9 6 3 17 13 3 16 6 3 9 11 3 12 6 14 4 15 13 9 4 17 11 16 4 12 10 7 4 14
Cost 88313892
5 13 15 11 7 5 10 12 17 16 5 7 8 14 13 5 10 15 7 12 8 1 1 1 1 17 10 14 8 16 9 2 15 2 6 2 8 2 11 9 6 14 17 13 3 16 6 3 9 11 3 12 6 3 4 15 13 9 4 17 11 16 4 12 10 7 4 14
Cost 88709277
13 6 5 9 14 15 8 5 17 16 11 4 9 13 8 4 12 7 14 4 15 11 8 4 7 17 13 3 12 16 3 7 14 3 10 15 3 2 7 2 12 2 17 2 10 16 1 1 1 1 15 6 12 9 10 13 11 6 14 17 5 16 9 6 10 5 8 11
Cost 88804206
13 6 5 9 14 15 8 5 17 16 11 4 9 13 8 4 12 7 14 4 15 11 8 4 7 17 13 3 12 16 3 7 14 3 10 2 3 2 7 2 12 2 17 15 10 16 14 1 1 1 1 6 12 9 10 13 11 6 15 17 5 16 9 6 10 5 8 11
Cost 88804217
13 6 5 9 14 15 8 5 17 16 11 4 9 13 8 4 12 7 14 4 15 11 8 4 7 17 13 3 12 16 3 7 14 3 10 15 3 2 7 2 12 2 17 2 10 16 14 1 1 1 1 6 12 9 10 13 11 6 15 17 5 16 9 6 10 5 8 11
Cost 89022019
2 15 2 11 2 7 2 8 17 4 16 14 7 4 6 8 15 4 9 7 6 4 13 8 5 17 6 9 12 5 16 15 6 10 5 13 9 14 11 5 12 3 17 10 3 9 16 3 13 11 3 14 12 10 15 1 1 1 1 17 11 13 16 10 12 14 7 8
Cost 89022022
2 15 2 11 2 7 2 8 17 4 16 14 7 4 11 8 15 4 9 7 6 4 13 8 5 17 6 9 12 5 16 15 6 10 5 13 9 14 6 5 12 3 17 10 3 9 16 3 13 11 3 14 12 10 15 1 1 1 1 17 11 13 16 10 12 14 7 8
Cost 89686528
3 2 9 3 12 14 3 11 17 3 16 13 5 15 7 8 12 5 11 14 6 7 5 8 13 17 6 5 7 11 16 8 6 14 10 7 15 13 6 8 11 4 17 9 10 4 16 14 12 4 13 15 9 4 10 1 1 1 1 17 12 9 16 2 10 2 15 2
Cost 90135916
1 13 9 11 14 8 10 5 17 15 16 9 5 8 13 4 10 5 14 4 9 8 5 4 15 17 10 4 12 8 16 2 14 2 7 2 10 2 11 15 12 7 17 13 3 6 16 3 7 11 3 6 12 3 15 7 13 6 14 17 11 9 16 6 12 1 1 1
Cost 90932466
6 2 7 2 9 2 6 2 17 7 16 13 6 9 15 12 7 3 6 14 3 11 9 3 13 17 3 12 10 15 16 9 11 14 1 1 1 1 10 12 5 8 17 11 15 5 16 14 10 8 5 12 4 13 11 5 4 8 10 17 4 14 16 7 4 8 13 15
Cost 91466777
12 2 9 2 14 2 11 2 17 13 16 4 12 7 15 4 5 11 14 4 7 5 13 4 12 17 5 7 11 15 16 5 14 8 7 10 12 1 1 1 1 8 17 9 15 10 16 3 6 8 3 13 9 3 6 10 3 8 14 17 6 9 16 11 13 10 6 15
Cost 92049354
1 1 10 4 15 12 9 4 17 13 16 4 2 14 2 4 2 7 2 15 3 11 13 3 7 17 3 14 8 3 16 7 11 6 15 13 8 12 7 6 10 14 17 11 8 6 16 9 5 12 10 6 8 5 11 14 9 15 5 17 10 12 16 5 13 9 1 1
Cost 92582384
2 10 2 3 2 15 3 11 17 3 16 10 3 1 1 1 1 5 11 7 15 10 5 14 12 17 7 5 13 11 16 10 5 7 9 15 12 14 6 8 7 13 17 9 6 4 16 8 12 4 6 14 9 4 13 8 6 4 15 17 12 9 16 8 11 14 2 13
Cost 93077782
7 13 10 15 5 11 9 7 17 5 12 16 10 14 5 9 11 2 15 2 8 2 12 2 9 17 3 14 8 3 13 16 3 15 12 3 8 1 1 1 1 14 17 13 8 4 6 16 15 4 10 11 6 4 7 14 13 4 6 17 10 7 11 16 6 9 12 5
Cost 93214347
11 14 4 15 12 8 4 5 17 7 9 16 5 8 13 14 7 5 15 9 6 8 5 7 10 17 6 13 9 14 7 16 6 15 10 11 12 9 6 2 13 2 17 2 10 2 11 16 12 1 1 1 1 13 10 14 15 11 3 17 12 3 4 16 3 8 4 3
Cost 93499186
15 2 5 2 6 11 13 5 17 12 14 16 5 7 9 15 11 5 4 10 7 12 4 9 14 17 4 7 8 10 4 16 9 12 7 13 8 3 15 10 3 9 17 3 8 12 3 16 13 10 14 11 8 15 6 1 1 1 1 17 6 13 11 16 14 2 6 2
Cost 93499194
15 2 5 2 6 11 13 5 17 12 14 16 5 7 4 15 11 5 4 10 7 12 4 9 14 17 4 7 8 10 15 16 9 12 7 13 8 3 14 10 3 9 17 3 8 12 3 16 13 10 9 11 8 15 6 1 1 1 1 17 6 13 11 16 14 2 6 2
Cost 93682023
15 9 3 6 1 1 1 1 17 6 9 16 14 11 2 6 2 13 2 10 2 12 5 15 11 17 14 5 8 10 13 16 5 12 7 11 8 5 15 10 14 7 17 13 8 12 11 16 7 10 4 9 8 15 4 7 13 12 4 17 9 3 4 16 3 6 14 3
Cost 94497739
11 15 3 1 1 1 1 13 17 6 9 16 14 10 2 6 2 12 2 9 2 6 4 10 15 17 4 6 9 12 4 16 8 10 4 11 13 9 14 15 8 12 17 10 7 5 11 16 8 13 5 7 14 12 15 5 8 11 7 17 5 3 13 16 3 7 14 3
Cost 94955862
13 1 1 1 1 11 6 14 17 10 12 16 6 13 3 15 11 3 6 10 3 14 12 3 6 17 13 11 4 10 15 16 4 8 12 14 4 9 5 13 4 8 17 5 7 15 9 16 5 8 2 7 2 5 2 9 2 8 7 17 15 14 11 16 9 7 12 10
Cost 95781437
15 14 10 7 5 8 13 9 17 5 7 16 10 8 5 14 9 7 11 13 12 8 10 15 2 17 2 6 2 11 2 16 12 6 1 1 1 1 15 6 11 14 17 3 12 6 3 16 13 3 4 11 3 15 4 14 12 9 4 17 10 13 4 16 7 8 9 5
Cost 96689492
1 1 15 7 11 9 14 13 17 12 7 16 6 3 9 11 3 15 6 3 14 12 3 9 6 17 11 8 10 5 6 16 9 4 5 8 13 4 10 5 15 4 17 8 5 4 14 16 10 13 2 8 2 12 2 15 2 7 10 17 14 11 13 16 7 12 1 1
Cost 97888238
14 8 4 2 15 2 7 2 17 2 10 13 16 7 14 1 1 1 1 15 10 5 11 6 13 17 5 12 14 6 10 5 16 11 15 6 5 13 9 12 10 6 17 3 11 8 3 9 16 3 13 12 3 8 14 11 9 15 4 17 7 8 4 12 16 9 4 7
Cost 98042779
1 10 15 2 14 2 9 2 17 2 6 10 16 7 12 9 6 15 14 11 7 10 6 13 9 17 12 7 6 8 11 10 16 9 7 4 13 8 12 4 15 11 17 4 14 8 5 4 16 13 12 5 11 8 3 15 5 3 14 17 3 5 13 3 16 1 1 1
Cost 99047943
1 1 1 1 11 12 5 13 17 10 4 5 16 15 4 11 5 12 4 10 13 5 4 14 7 17 9 3 15 12 3 7 16 3 6 9 3 14 7 8 6 12 17 15 9 7 6 8 16 13 11 14 6 9 2 8 2 10 2 17 2 11 13 8 16 14 15 10
Cost 99177719
7 14 12 15 5 8 11 7 17 5 6 13 16 8 7 14 6 9 15 4 10 8 6 4 13 17 9 4 6 14 10 4 16 15 12 9 1 1 1 1 10 11 17 2 9 2 12 2 16 2 10 3 11 13 3 14 15 3 12 17 3 7 5 11 16 8 13 5
Cost 99357576
5 4 7 15 14 5 8 13 17 7 5 12 16 11 8 5 7 2 14 2 9 2 8 2 11 17 15 6 3 9 10 3 16 6 3 11 13 3 9 6 10 15 17 12 14 6 11 9 16 13 10 1 1 1 1 12 15 4 14 17 10 4 13 7 16 4 8 12
Cost 99357581
5 4 7 15 14 5 8 13 17 7 5 12 16 11 8 2 7 2 14 2 9 2 8 7 11 17 15 6 3 9 10 3 16 6 3 11 13 3 9 6 10 15 17 12 14 6 11 9 16 13 10 1 1 1 1 12 15 4 14 17 10 4 13 5 16 4 8 12
Cost 99399244
5 4 10 15 14 5 8 13 17 7 5 12 16 11 8 2 7 2 14 2 9 2 8 7 11 17 15 6 3 9 7 3 16 6 3 11 13 3 9 6 10 15 17 12 14 6 11 9 16 13 10 1 1 1 1 12 15 4 14 17 10 4 13 5 16 4 8 12
Cost 101064410
1 1 1 1 3 6 11 3 17 14 3 6 16 3 7 15 10 11 2 12 2 7 2 14 2 17 10 13 7 5 15 12 16 8 5 7 10 14 9 5 13 8 17 12 5 15 10 9 16 8 4 14 11 13 4 12 9 8 4 17 15 6 4 11 16 9 13 6
Cost 101388826
1 1 1 8 5 12 14 9 17 5 13 8 16 15 5 6 9 12 4 5 14 6 4 13 10 17 4 6 15 11 4 7 16 6 10 2 13 2 7 2 11 2 17 15 10 7 14 3 16 12 3 11 7 3 10 8 3 9 15 17 14 12 11 8 16 13 9 1
Cost 101500736
3 6 12 3 9 15 3 14 17 11 10 8 16 9 12 1 1 1 1 8 10 14 9 13 5 17 12 8 15 5 10 9 16 4 5 8 13 4 12 5 10 4 17 15 11 4 7 14 16 13 2 6 2 7 2 11 2 6 15 17 7 14 13 6 16 3 11 7
Cost 101590283
15 6 8 11 7 4 10 14 17 4 8 7 16 4 11 15 10 4 8 9 1 1 1 1 5 17 10 13 9 5 15 12 16 14 5 3 10 9 3 5 13 3 17 12 3 15 9 14 16 11 2 6 2 13 2 12 2 6 7 17 11 14 8 6 16 7 13 12
Cost 102089765
4 2 15 2 9 2 14 12 17 1 1 1 1 16 8 3 10 15 3 12 14 3 8 6 3 17 10 13 11 6 8 12 15 16 14 6 10 7 8 11 13 6 17 12 7 9 10 5 14 16 11 7 5 13 9 15 4 5 7 17 4 11 5 9 4 16 13 2
Cost 102338567
4 14 8 3 4 11 3 12 17 3 8 13 3 16 15 14 11 9 8 12 1 1 1 1 13 17 9 11 2 15 2 12 2 16 2 9 10 13 11 6 7 14 17 5 9 6 10 7 5 16 13 6 15 5 7 14 10 6 5 17 4 7 8 12 4 16 10 15
Cost 102340930
4 14 8 3 4 11 3 12 17 3 8 13 3 16 15 14 11 9 8 12 1 1 1 1 13 17 9 11 2 15 2 12 2 16 2 9 10 13 11 6 7 14 17 12 9 6 10 7 5 16 13 6 15 5 7 14 10 6 5 17 4 7 8 5 4 16 10 15
Cost 102371797
7 14 13 3 6 10 3 7 17 3 6 12 3 16 7 14 6 1 1 1 1 7 15 12 8 17 4 9 11 14 4 13 8 16 4 12 9 15 4 11 8 5 17 10 13 9 5 12 8 16 11 5 15 10 9 14 5 13 2 17 2 11 2 10 2 16 6 15
Cost 102372271
7 14 13 3 6 10 3 7 17 3 6 12 3 16 7 14 6 11 1 1 1 1 15 12 8 17 4 9 11 14 4 13 8 16 4 12 9 15 4 11 8 5 17 10 13 9 5 12 8 16 11 5 15 10 9 14 5 13 2 17 2 7 2 10 2 16 6 15
Cost 102372786
7 14 13 3 6 10 3 7 17 3 6 12 3 16 15 14 6 11 9 1 1 1 1 12 8 17 4 9 11 14 4 13 8 16 4 12 9 15 4 11 8 5 17 10 13 9 5 12 8 16 11 5 15 10 7 14 5 13 2 17 2 7 2 10 2 16 6 15
Cost 102541467
4 2 15 2 9 2 14 2 17 1 1 1 1 16 8 3 10 15 3 12 14 3 8 6 3 17 10 13 11 6 8 12 15 16 14 6 10 7 8 11 13 6 17 12 7 9 10 15 14 16 11 7 5 13 9 12 4 5 7 17 4 11 5 9 4 16 13 5
Cost 104803083
11 13 8 4 6 15 10 4 17 14 8 11 12 16 13 2 10 2 8 2 15 2 11 14 12 17 10 13 1 1 1 1 7 16 9 15 12 14 3 7 5 3 17 9 3 5 7 3 12 16 5 14 9 7 6 5 13 11 15 17 6 9 8 4 10 16 6 4
Cost 105512647
7 11 4 13 8 6 4 7 17 15 4 6 11 16 7 14 13 6 2 9 2 5 2 11 2 17 5 12 9 14 10 5 15 16 11 3 5 9 3 12 10 3 17 14 3 13 9 15 8 16 10 12 1 1 1 1 8 14 13 17 10 7 15 12 8 16 4 6
Cost 105512655
7 11 4 13 8 6 4 7 17 15 4 6 11 16 7 14 2 6 2 9 2 5 2 11 15 17 5 12 9 14 10 5 13 16 11 3 5 9 3 12 10 3 17 14 3 13 9 15 8 16 10 12 1 1 1 1 8 14 13 17 10 7 15 12 8 16 4 6
Runtime 76s
Final cost 105991540
Solutions 248
