Cost 602412126
23 24 2 4 2 21 2 4 2 5 17 4 8 22 5 4 18 14 15 5 8 11 20 23 5 24 21 17 8 12 10 14 11 15 18 22 8 19 13 16 10 12 20 11 17 14 23 21 15 24 10 13 18 12 11 16 19 22 9 14 10 17 20 15 13 12 6 9 21 23 18 16 6 24 7 19 9 13 6 22 3 7 20 3 6 9 3 16 7 3 1 1 1 1 19 7
Cost 1,189036686
14 23 24 2 4 2 7 2 4 2 12 6 4 7 14 10 4 6 22 20 7 16 12 6 23 10 24 7 14 6 21 18 11 15 12 10 8 16 19 20 22 17 14 11 8 10 12 23 15 18 24 21 8 16 11 13 5 19 17 20 8 5 22 15 9 11 5 18 13 16 23 5 21 9 24 17 19 3 15 20 3 13 9 3 22 18 3 1 1 1 1 9 17 21 13 19
Cost 1,189036689
14 2 24 2 4 2 7 2 4 21 12 6 4 7 14 10 4 6 22 20 7 16 12 6 23 10 24 7 14 6 21 18 11 15 12 10 8 16 19 20 22 17 14 11 8 10 12 23 15 18 24 21 8 16 11 13 5 19 17 20 8 5 22 15 9 11 5 18 13 16 23 5 21 9 24 17 19 3 15 20 3 13 9 3 22 18 3 1 1 1 1 9 17 23 13 19
Cost 1,438821423
15 13 24 7 19 14 23 2 4 2 7 2 4 2 13 15 4 7 21 14 4 17 22 19 7 16 24 13 18 23 15 20 11 14 1 1 1 1 17 21 13 16 19 11 22 15 18 14 5 10 24 20 23 5 11 17 12 16 5 10 21 19 8 5 18 11 22 9 12 10 8 20 17 16 24 23 9 6 8 10 12 21 18 6 3 9 8 3 22 6 3 20 12 3 9 6
Cost 1,522440006
20 18 24 13 9 6 1 1 1 1 11 6 23 9 16 21 13 6 10 18 20 11 9 6 15 19 24 22 10 13 16 9 11 14 17 23 21 18 10 15 20 12 13 11 19 7 16 14 10 22 24 17 7 12 15 18 8 21 23 7 20 14 16 19 8 12 7 3 17 15 3 22 8 3 24 14 3 12 21 5 8 23 19 4 5 17 2 4 2 5 2 4 2 22 5 4
Cost 1,844793411
18 5 20 24 15 10 5 13 2 19 2 5 2 8 2 10 5 23 18 15 13 8 20 16 7 10 22 24 19 8 14 7 21 13 15 10 18 8 7 16 23 9 20 17 14 7 13 19 22 15 9 24 12 21 18 16 11 4 14 9 17 4 20 23 12 4 19 11 9 4 22 16 14 6 21 24 12 17 11 6 1 1 1 1 3 6 23 3 12 11 3 6 22 3 17 21
Cost 2,912097170
3 6 12 3 7 24 3 6 4 3 17 7 4 6 12 22 4 16 7 6 4 15 21 11 23 7 12 17 13 24 9 19 14 16 11 20 15 22 12 9 18 13 10 21 17 11 14 23 9 16 19 15 10 24 13 20 11 9 18 22 14 17 10 8 21 16 15 13 5 19 23 8 10 5 14 20 18 24 5 8 2 22 2 5 2 21 2 8 19 1 1 1 1 23 18 20
Cost 5,079220218
18 2 13 2 5 2 20 2 24 5 10 12 15 8 5 13 17 22 18 5 10 8 21 12 7 23 20 15 13 8 10 7 24 17 19 12 18 8 7 22 10 13 15 21 16 7 20 12 23 3 17 14 3 19 18 3 24 15 3 9 16 22 11 6 21 14 20 17 9 6 4 23 19 11 4 6 16 9 4 14 24 6 4 22 11 21 9 1 1 1 1 19 16 14 23 11
Cost 7,138253898
19 4 10 17 2 4 2 16 2 4 2 24 10 4 14 1 1 1 1 19 17 23 10 16 3 20 21 3 14 22 3 5 10 3 9 24 5 17 19 16 18 5 14 9 23 20 5 21 15 11 12 22 9 13 17 16 14 19 18 24 11 9 12 15 8 20 13 23 21 6 7 11 8 22 12 6 18 7 15 13 8 6 11 24 7 20 12 6 8 21 23 7 13 15 18 22
Cost 7,301156120
5 16 20 3 14 5 3 7 11 3 5 24 3 13 7 5 21 16 14 11 18 7 20 22 23 2 13 2 7 2 11 2 14 16 19 24 4 21 18 13 4 11 20 17 4 22 14 23 4 16 15 10 13 19 12 9 18 6 21 24 17 10 20 6 9 15 12 22 8 6 23 10 19 9 18 6 8 17 12 21 15 10 9 24 8 1 1 1 1 22 12 19 8 23 17 15
Final cost 7,782463272
Solutions 10
