Order 4, Range [1-16], Circular, Verbose.
Cost 173287
14 12 15 13 8 2 9 2 10 2 11 2 8 12 16 9 13 15 10 7 8 11 14 4 9 12 7 4 10 5 16 4 15 7 5 4 14 6 10 5 7 13 3 6 5 3 16 15 3 6 14 3 11 12 13 6 1 1 1 1 8 9 16 11
Cost 199584
8 10 15 4 9 13 14 4 8 12 11 4 7 9 16 4 8 15 13 7 14 12 6 2 8 2 7 2 6 2 16 13 15 7 6 10 1 1 1 1 6 11 14 5 13 10 16 15 5 12 9 3 11 5 3 10 14 3 5 9 3 12 16 11
Cost 404658
10 14 15 6 9 12 7 11 4 6 10 8 4 13 16 14 4 15 11 8 4 1 1 1 1 3 13 8 3 11 16 3 15 12 3 8 2 14 2 13 2 9 2 5 10 12 16 15 5 7 9 14 13 5 10 6 7 12 5 9 11 6 16 7
Cost 507349
11 4 15 13 9 4 14 1 1 1 1 12 7 9 16 3 13 15 3 7 14 3 9 2 3 2 7 2 10 2 16 11 15 7 14 5 8 6 10 12 5 13 11 6 8 5 16 15 10 6 5 12 8 11 13 6 14 4 10 9 8 4 16 12
Cost 629784
10 9 13 15 8 1 1 1 1 14 9 12 8 4 16 13 11 4 15 9 8 4 2 6 2 4 2 11 2 6 16 14 5 15 10 6 7 5 11 12 13 6 5 7 10 14 16 5 15 11 7 12 3 13 10 3 9 7 3 14 8 3 16 12
Cost 868086
6 12 7 15 11 2 6 2 9 2 14 2 6 12 16 11 13 9 15 8 1 1 1 1 14 12 11 8 4 13 16 10 4 15 5 8 4 12 14 5 4 10 13 8 5 7 16 3 15 5 3 10 7 3 9 13 3 11 6 7 14 10 16 9
Cost 927566
10 5 14 15 9 12 5 13 11 6 10 5 8 9 16 6 14 12 15 11 8 6 9 1 1 1 1 6 8 12 16 3 13 15 3 4 8 3 14 4 3 12 7 4 10 13 16 4 15 7 11 2 14 2 10 2 7 2 13 9 5 11 16 7
Cost 987361
11 9 13 15 7 8 10 5 12 14 9 11 5 8 16 13 10 5 15 9 12 8 5 14 1 1 1 1 13 8 16 4 12 15 2 4 2 14 2 4 2 13 11 4 12 6 16 7 15 3 10 6 3 11 7 3 9 6 3 14 10 7 16 6
Cost 987364
11 9 13 15 7 6 10 5 12 14 9 11 5 8 16 13 10 5 15 9 12 8 5 14 1 1 1 1 13 8 16 4 12 15 2 4 2 8 2 4 2 13 11 4 12 14 16 7 15 3 10 6 3 11 7 3 9 6 3 14 10 7 16 6
Cost 987396
11 9 13 15 7 8 10 5 12 14 9 7 5 8 16 13 10 5 15 9 12 8 5 14 1 1 1 1 13 8 16 11 12 15 2 4 2 14 2 4 2 13 11 4 12 6 16 4 15 3 10 6 3 11 7 3 9 6 3 14 10 7 16 6
Cost 987400
11 9 13 15 7 6 10 5 12 14 9 7 5 8 16 13 10 5 15 9 12 8 5 14 1 1 1 1 13 8 16 11 12 15 2 4 2 8 2 4 2 13 11 4 12 14 16 4 15 3 10 6 3 11 7 3 9 6 3 14 10 7 16 6
Cost 1017364
10 9 3 15 8 3 7 13 3 12 9 3 8 7 16 14 5 11 15 9 7 5 1 1 1 1 5 7 11 14 16 5 13 15 10 6 2 12 2 11 2 6 2 14 10 13 16 6 15 12 11 4 8 6 10 4 9 14 13 4 8 12 16 4
Cost 1170616
10 7 14 6 15 8 11 5 7 6 10 12 5 8 16 7 14 5 13 15 10 8 5 12 1 1 1 1 4 8 16 13 4 9 15 12 4 11 14 2 4 2 9 2 13 2 16 3 11 15 3 9 14 3 10 6 3 13 7 11 9 6 16 12
Cost 1315777
12 10 5 8 15 11 13 5 9 2 14 2 5 2 16 2 11 9 7 15 1 1 1 1 14 7 9 11 12 4 16 13 7 4 15 10 6 4 14 7 12 4 6 8 13 10 16 3 6 15 3 8 12 3 6 10 3 13 11 8 14 5 16 9
Cost 1368547
9 12 3 4 15 3 10 4 3 9 11 4 14 12 16 4 10 7 9 15 8 11 13 2 7 2 14 2 8 2 16 7 11 6 15 13 8 5 7 6 14 12 5 11 8 6 16 5 13 15 10 6 5 12 14 9 1 1 1 1 10 13 16 3
Cost 1598710
14 10 3 7 15 3 9 13 3 8 7 10 4 5 16 12 4 8 5 15 4 10 14 5 4 8 11 12 5 6 16 10 13 8 15 6 14 11 2 12 2 6 2 9 2 13 16 6 11 15 14 12 9 7 1 1 1 1 13 11 7 9 16 3
Cost 1770181
3 9 7 3 14 15 3 11 13 7 9 2 10 2 16 2 7 2 14 12 15 13 10 7 1 1 1 1 8 4 16 12 10 4 13 15 8 4 11 6 14 4 10 12 8 6 16 9 5 11 15 6 8 5 14 12 9 6 5 13 11 3 16 5
Cost 1840440
4 7 11 14 4 15 5 12 9 3 13 5 3 11 16 3 5 14 3 12 15 5 10 13 11 6 1 1 1 1 16 6 10 8 2 15 2 6 2 14 2 8 10 6 7 9 16 12 13 8 15 7 10 14 9 11 4 8 7 12 4 13 16 9
Cost 1930236
8 12 14 3 13 15 3 10 8 3 11 4 3 12 16 4 14 10 9 4 15 11 2 4 2 6 2 9 2 13 16 6 11 7 5 15 9 6 14 5 7 12 13 6 5 9 16 7 8 5 15 10 14 12 7 13 8 1 1 1 1 10 16 11
Cost 1930264
8 12 14 3 13 15 3 10 8 3 11 4 3 12 16 4 14 13 9 4 15 11 2 4 2 12 2 9 2 5 16 6 11 7 5 15 9 6 14 5 7 10 13 6 5 9 16 7 8 6 15 10 14 12 7 13 8 1 1 1 1 10 16 11
Cost 2169247
11 13 2 7 2 15 2 12 2 3 7 11 3 14 16 3 9 7 3 12 15 8 11 5 7 9 13 14 5 8 16 10 4 5 9 15 4 8 5 13 4 10 6 9 4 8 16 12 6 14 15 10 13 11 6 1 1 1 1 12 6 10 16 14
Cost 2894479
1 1 1 1 14 12 9 15 11 13 3 10 8 3 16 9 3 12 14 3 8 10 15 2 9 2 6 2 8 2 16 10 6 9 13 7 8 15 6 11 14 10 7 5 6 12 16 13 5 7 11 4 15 5 14 4 7 12 5 4 13 11 16 4
Cost 2907970
3 14 13 3 7 10 3 15 4 3 11 7 4 6 16 14 4 9 7 6 4 11 15 5 12 6 9 13 5 14 16 6 11 5 8 9 12 15 5 10 13 2 8 2 9 2 16 2 12 10 8 14 15 13 1 1 1 1 8 10 12 7 16 11
Cost 2909414
3 14 13 3 7 10 3 15 12 3 11 7 4 6 16 14 4 9 7 6 4 11 15 5 4 6 9 13 5 14 16 6 11 5 8 9 12 15 5 10 13 2 8 2 9 2 16 2 12 10 8 14 15 13 1 1 1 1 8 10 12 7 16 11
Cost 3051645
10 1 1 1 1 11 14 15 9 13 10 12 3 6 16 3 11 9 3 6 14 3 15 5 8 6 9 11 5 7 16 6 8 5 13 9 7 15 5 12 8 4 14 7 10 4 16 13 8 4 7 12 15 4 10 2 14 2 11 2 13 2 16 12
Cost 3051647
10 1 1 1 1 11 14 15 9 3 10 12 3 6 16 3 11 9 3 6 14 13 15 5 8 6 9 11 5 7 16 6 8 5 13 9 7 15 5 12 8 4 14 7 10 4 16 13 8 4 7 12 15 4 10 2 14 2 11 2 13 2 16 12
Cost 3180816
6 9 3 14 10 3 6 15 11 2 9 2 6 2 16 2 13 14 6 11 7 12 15 1 1 1 1 7 4 13 16 14 4 12 7 8 4 15 10 5 4 7 13 8 5 12 16 9 10 5 11 8 15 14 5 13 9 12 10 8 3 11 16 3
Cost 3272612
3 14 6 7 9 13 5 15 12 10 7 5 11 9 16 14 5 7 13 10 12 5 15 11 7 1 1 1 1 14 16 13 12 8 11 4 2 15 2 4 2 8 2 4 12 11 16 4 6 8 9 14 15 10 6 3 13 8 3 9 6 3 16 10
Cost 3300762
4 9 11 8 4 6 10 15 4 12 9 8 4 11 16 13 10 14 7 8 3 12 15 3 11 7 3 8 13 3 16 14 7 1 1 1 1 15 2 7 2 13 2 5 2 14 16 9 5 12 10 6 15 5 13 11 9 6 5 14 10 12 16 6
Cost 3392662
13 4 5 12 7 4 14 5 15 4 11 7 5 13 16 12 6 5 7 10 14 11 6 15 8 7 13 9 6 10 16 2 8 2 6 2 9 2 15 10 8 3 14 12 3 9 16 3 8 10 3 13 11 15 9 12 14 1 1 1 1 4 16 11
Cost 3456744
12 10 8 1 1 1 1 13 15 14 8 10 12 2 16 2 9 2 8 2 13 10 5 15 12 9 8 5 11 6 16 14 5 13 9 6 12 5 15 11 4 6 7 9 4 14 16 6 4 7 11 3 4 15 3 10 7 3 13 14 3 11 16 7
Cost 3457005
12 10 8 1 1 1 1 13 15 14 8 10 12 2 16 2 9 2 8 2 13 10 5 15 12 9 8 5 11 6 16 14 5 13 9 6 4 5 15 11 4 6 7 9 4 14 16 6 4 7 11 3 12 15 3 10 7 3 13 14 3 11 16 7
Cost 3577651
13 2 11 2 14 2 10 4 15 12 7 4 8 13 16 4 10 7 14 4 8 12 5 15 7 9 13 5 8 6 16 7 5 11 9 6 8 5 15 13 14 6 3 9 11 3 16 6 3 12 10 3 9 15 14 11 1 1 1 1 10 12 16 2
Cost 3577653
13 2 11 2 14 2 10 4 15 12 7 4 8 13 16 4 10 7 14 4 8 12 5 15 7 9 13 5 8 6 16 7 5 11 9 6 8 5 15 3 14 6 3 9 11 3 16 6 3 12 10 13 9 15 14 11 1 1 1 1 10 12 16 2
Cost 3750992
3 8 10 12 9 13 5 14 15 8 11 5 10 9 16 12 5 8 13 7 4 5 10 15 4 8 7 12 4 14 16 13 4 7 1 1 1 1 15 12 7 11 6 14 13 2 16 2 6 2 9 2 11 15 6 3 10 14 3 9 6 3 16 11
Cost 3783369
10 14 5 6 9 11 13 5 15 6 10 12 5 9 16 14 2 5 2 13 2 7 2 15 1 1 1 1 7 14 16 3 13 8 3 7 11 3 15 12 3 8 7 14 10 13 16 11 4 8 9 12 4 15 10 6 4 8 11 9 4 6 16 12
Cost 3812095
6 9 3 8 13 3 6 10 15 14 9 8 6 4 16 11 12 4 2 8 2 4 2 15 2 4 11 8 12 13 16 14 1 1 1 1 7 11 15 5 12 10 13 7 5 14 16 9 11 5 7 10 12 15 5 13 9 7 6 14 3 10 16 3
Cost 4467326
11 13 5 6 9 12 14 5 8 6 15 11 5 9 16 6 8 12 10 4 14 6 11 4 8 15 13 4 10 12 16 4 8 1 1 1 1 7 10 13 15 12 14 2 7 2 16 2 10 2 9 7 13 11 3 15 14 3 7 9 3 5 16 3
Cost 4567025
4 12 7 8 4 11 9 14 10 7 15 8 13 12 16 9 7 6 10 8 2 14 2 6 2 15 2 8 10 6 16 1 1 1 1 6 11 13 10 5 15 12 3 14 5 3 16 11 3 5 13 3 9 12 5 15 4 14 11 7 4 9 16 13
Cost 4635171
1 1 1 1 8 13 7 12 14 10 15 5 8 7 16 9 5 6 13 12 7 5 14 6 9 15 5 7 11 6 16 13 2 9 2 6 2 4 2 11 15 4 9 10 14 4 16 12 3 4 11 3 8 10 3 15 13 3 14 12 8 11 16 10
Cost 4635294
1 1 1 1 8 13 7 12 14 10 15 6 8 7 16 9 5 6 13 10 7 5 14 6 9 15 5 7 11 6 16 5 2 9 2 12 2 4 2 11 15 4 9 13 14 4 16 12 3 4 11 3 8 10 3 15 13 3 14 12 8 11 16 10
Cost 4902225
6 12 1 1 1 1 6 11 13 10 15 14 6 12 16 8 4 9 6 10 4 13 5 8 4 15 9 5 4 10 16 8 5 14 13 9 7 5 11 8 15 12 3 7 9 3 16 14 3 11 7 3 2 12 2 15 2 7 2 13 11 14 16 10
Cost 5376449
14 8 11 13 3 10 6 3 12 8 3 15 6 3 16 10 13 8 6 4 12 7 14 4 6 10 15 4 7 13 16 4 12 11 9 7 14 1 1 1 1 15 7 9 11 2 16 2 5 2 14 2 9 5 13 11 15 8 5 10 12 9 16 5
Cost 5381581
9 11 7 13 3 6 10 3 14 9 3 15 11 3 16 2 13 2 9 2 4 2 14 11 4 12 15 9 4 13 16 8 4 1 1 1 1 12 5 8 10 15 13 5 14 7 16 8 5 12 10 6 7 5 11 8 15 6 14 7 10 12 16 6
Cost 5514326
10 1 1 1 1 9 14 12 5 6 10 15 13 5 16 6 8 11 5 12 14 6 7 5 8 13 15 6 11 7 16 2 8 2 14 2 7 2 13 11 8 15 9 7 10 4 16 12 14 4 11 9 3 4 10 3 15 4 3 12 9 3 16 13
Cost 5574952
7 11 13 1 1 1 1 7 9 12 14 15 11 6 16 13 2 9 2 6 2 12 2 11 14 6 15 8 13 10 16 6 5 12 11 8 4 5 14 10 4 15 5 8 4 12 16 5 4 10 7 8 3 13 9 3 15 7 3 10 14 3 16 9
Cost 5657207
8 14 3 7 9 3 10 13 3 12 7 11 15 5 16 14 10 7 5 6 13 12 11 5 7 6 10 15 5 14 16 6 2 11 2 4 2 6 2 4 8 9 15 4 11 13 16 4 8 12 9 14 1 1 1 1 8 15 13 9 10 12 16 3
Cost 5929113
14 7 6 11 3 13 9 3 7 10 3 5 15 3 16 7 5 8 13 10 4 5 14 12 4 8 5 15 4 10 16 13 4 8 11 12 14 1 1 1 1 8 15 9 13 11 16 12 6 2 14 2 9 2 6 2 11 15 7 12 6 9 16 10
Cost 5992971
5 9 13 2 7 2 10 2 14 2 11 7 15 4 16 13 10 4 7 12 3 4 14 3 8 4 3 15 13 3 16 12 8 6 1 1 1 1 9 6 8 11 15 12 14 6 16 9 8 5 10 6 11 13 5 12 9 15 14 5 10 7 16 11
Cost 6055457
8 4 13 14 9 4 10 6 8 4 11 12 15 6 16 13 10 14 2 6 2 11 2 12 2 6 10 15 13 5 16 14 11 7 5 1 1 1 1 5 7 9 15 11 5 14 16 7 8 3 9 12 3 13 7 3 8 15 3 9 10 4 16 12
Cost 6080602
10 14 3 6 9 3 7 11 3 6 10 3 15 7 16 6 12 4 11 13 2 4 2 14 2 4 2 15 12 4 16 8 13 1 1 1 1 14 5 8 12 9 15 5 10 13 16 8 5 11 9 14 12 5 10 8 7 15 13 9 11 6 16 7
Cost 6080605
10 14 3 6 9 3 7 11 3 6 10 3 15 7 16 14 12 4 11 13 2 4 2 8 2 4 2 15 12 4 16 8 13 1 1 1 1 14 5 8 12 9 15 5 10 13 16 8 5 11 9 14 12 5 10 6 7 15 13 9 11 6 16 7
Cost 6080620
10 14 3 6 9 3 7 11 3 6 10 3 15 4 16 6 12 4 11 13 2 4 2 14 2 4 2 15 12 11 16 8 13 1 1 1 1 14 5 8 12 9 15 5 10 13 16 8 5 7 9 14 12 5 10 8 7 15 13 9 11 6 16 7
Cost 6080623
10 14 3 6 9 3 7 11 3 6 10 3 15 4 16 14 12 4 11 13 2 4 2 8 2 4 2 15 12 11 16 8 13 1 1 1 1 14 5 8 12 9 15 5 10 13 16 8 5 7 9 14 12 5 10 6 7 15 13 9 11 6 16 7
Cost 6415315
8 1 1 1 1 6 13 12 11 3 14 6 3 15 16 3 5 6 3 13 7 5 10 6 14 4 5 7 15 4 16 5 10 4 7 12 9 4 14 11 8 7 10 15 13 9 16 12 8 2 11 2 10 2 9 2 8 13 15 12 14 11 16 9
Cost 6429832
3 9 5 3 14 10 3 5 11 3 9 12 5 15 16 10 13 5 14 11 6 1 1 1 1 10 6 7 15 13 16 2 6 2 7 2 8 2 6 12 14 7 13 15 8 4 16 9 7 4 11 12 8 4 14 13 9 4 15 10 8 11 16 12
Cost 6557809
8 9 10 4 14 6 13 11 8 12 5 6 10 15 16 5 8 6 11 13 5 12 10 6 8 5 14 7 15 11 16 2 10 2 7 2 3 2 9 3 14 7 3 15 13 3 16 9 7 12 1 1 1 1 14 4 9 13 15 4 11 12 16 4
Cost 6712195
11 9 5 12 7 6 10 5 13 14 9 7 5 15 16 12 10 5 2 9 2 13 2 14 2 8 3 12 15 3 16 11 3 8 13 3 1 1 1 1 4 8 11 15 4 14 16 13 4 8 10 6 4 11 7 12 9 6 15 14 10 7 16 6
Cost 6893940
3 6 14 3 11 12 13 6 1 1 1 1 8 9 16 11 14 12 15 13 8 2 9 2 10 2 11 2 8 12 16 9 13 15 10 7 8 11 14 4 9 12 7 4 10 5 16 4 15 7 5 4 14 6 10 5 7 13 3 6 5 3 16 15
Cost 6945426
5 12 9 3 11 5 3 10 14 3 5 9 3 12 16 11 8 10 15 4 9 13 14 4 8 12 11 4 7 9 16 4 8 15 13 7 14 12 6 2 8 2 7 2 6 2 16 13 15 7 6 10 1 1 1 1 6 11 14 5 13 10 16 15
Cost 7138207
5 7 9 14 13 5 10 6 7 12 5 9 11 6 16 7 10 14 15 6 9 12 7 11 4 6 10 8 4 13 16 14 4 15 11 8 4 1 1 1 1 3 13 8 3 11 16 3 15 12 3 8 2 14 2 13 2 9 2 5 10 12 16 15
Cost 7218344
10 6 5 12 8 11 13 6 14 4 10 9 8 4 16 12 11 4 15 13 9 4 14 1 1 1 1 12 7 9 16 3 13 15 3 7 14 3 9 2 3 2 7 2 10 2 16 11 15 7 14 5 8 6 10 12 5 13 11 6 8 5 16 15
Cost 7344472
15 11 7 12 3 13 10 3 9 7 3 14 8 3 16 12 10 9 13 15 8 1 1 1 1 14 9 12 8 4 16 13 11 4 15 9 8 4 2 6 2 4 2 11 2 6 16 14 5 15 10 6 7 5 11 12 13 6 5 7 10 14 16 5
Cost 7581601
15 5 3 10 7 3 9 13 3 11 6 7 14 10 16 9 6 12 7 15 11 2 6 2 9 2 14 2 6 12 16 11 13 9 15 8 1 1 1 1 14 12 11 8 4 13 16 10 4 15 5 8 4 12 14 5 4 10 13 8 5 7 16 3
Cost 7638981
15 7 11 2 14 2 10 2 7 2 13 9 5 11 16 7 10 5 14 15 9 12 5 13 11 6 10 5 8 9 16 6 14 12 15 11 8 6 9 1 1 1 1 6 8 12 16 3 13 15 3 4 8 3 14 4 3 12 7 4 10 13 16 4
Cost 7698002
15 3 10 6 3 11 7 3 9 6 3 14 10 7 16 6 11 9 13 15 7 6 10 5 12 14 9 7 5 8 16 13 10 5 15 9 12 8 5 14 1 1 1 1 13 8 16 11 12 15 2 4 2 8 2 4 2 13 11 4 12 14 16 4
Cost 7698006
15 3 10 6 3 11 7 3 9 6 3 14 10 7 16 6 11 9 13 15 7 8 10 5 12 14 9 7 5 8 16 13 10 5 15 9 12 8 5 14 1 1 1 1 13 8 16 11 12 15 2 4 2 14 2 4 2 13 11 4 12 6 16 4
Cost 7698023
15 3 10 6 3 11 7 3 9 6 3 14 10 7 16 6 11 9 13 15 7 6 10 5 12 14 9 11 5 8 16 13 10 5 15 9 12 8 5 14 1 1 1 1 13 8 16 4 12 15 2 4 2 8 2 4 2 13 11 4 12 14 16 7
Cost 7698026
15 3 10 6 3 11 7 3 9 6 3 14 10 7 16 6 11 9 13 15 7 8 10 5 12 14 9 11 5 8 16 13 10 5 15 9 12 8 5 14 1 1 1 1 13 8 16 4 12 15 2 4 2 14 2 4 2 13 11 4 12 6 16 7
Cost 7725804
15 12 11 4 8 6 10 4 9 14 13 4 8 12 16 4 10 9 3 15 8 3 7 13 3 12 9 3 8 7 16 14 5 11 15 9 7 5 1 1 1 1 5 7 11 14 16 5 13 15 10 6 2 12 2 11 2 6 2 14 10 13 16 6
Cost 8266180
6 15 3 8 12 3 6 10 3 13 11 8 14 5 16 9 12 10 5 8 15 11 13 5 9 2 14 2 5 2 16 2 11 9 7 15 1 1 1 1 14 7 9 11 12 4 16 13 7 4 15 10 6 4 14 7 12 4 6 8 13 10 16 3
Cost 8271003
11 15 3 9 14 3 10 6 3 13 7 11 9 6 16 12 10 7 14 6 15 8 11 5 7 6 10 12 5 8 16 7 14 5 13 15 10 8 5 12 1 1 1 1 4 8 16 13 4 9 15 12 4 11 14 2 4 2 9 2 13 2 16 3
Cost 8417845
11 15 14 12 9 7 1 1 1 1 13 11 7 9 16 3 14 10 3 7 15 3 9 13 3 8 7 10 4 5 16 12 4 8 5 15 4 10 14 5 4 8 11 12 5 6 16 10 13 8 15 6 14 11 2 12 2 6 2 9 2 13 16 6
Cost 8480452
13 15 10 6 5 12 14 9 1 1 1 1 10 13 16 3 9 12 3 4 15 3 10 4 3 9 11 4 14 12 16 4 10 7 9 15 8 11 13 2 7 2 14 2 8 2 16 7 11 6 15 13 8 5 7 6 14 12 5 11 8 6 16 5
Cost 8539685
5 11 15 6 8 5 14 12 9 6 5 13 11 3 16 5 3 9 7 3 14 15 3 11 13 7 9 2 10 2 16 2 7 2 14 12 15 13 10 7 1 1 1 1 8 4 16 12 10 4 13 15 8 4 11 6 14 4 10 12 8 6 16 9
Cost 8671806
13 8 15 7 10 14 9 11 4 8 7 12 4 13 16 9 4 7 11 14 4 15 5 12 9 3 13 5 3 11 16 3 5 14 3 12 15 5 10 13 11 6 1 1 1 1 16 6 10 8 2 15 2 6 2 14 2 8 10 6 7 9 16 12
Cost 8693717
8 5 15 10 14 12 7 13 8 1 1 1 1 10 16 11 8 12 14 3 13 15 3 10 8 3 11 4 3 12 16 4 14 10 9 4 15 11 2 4 2 6 2 9 2 13 16 6 11 7 5 15 9 6 14 5 7 12 13 6 5 9 16 7
Cost 8693738
8 6 15 10 14 12 7 13 8 1 1 1 1 10 16 11 8 12 14 3 13 15 3 10 8 3 11 4 3 12 16 4 14 13 9 4 15 11 2 4 2 12 2 9 2 5 16 6 11 7 5 15 9 6 14 5 7 10 13 6 5 9 16 7
Cost 8962821
6 14 15 10 13 11 6 1 1 1 1 12 6 10 16 14 11 13 2 7 2 15 2 12 2 3 7 11 3 14 16 3 9 7 3 12 15 8 11 5 7 9 13 14 5 8 16 10 4 5 9 15 4 8 5 13 4 10 6 9 4 8 16 12
Cost 9686910
5 7 11 4 15 5 14 4 7 12 5 4 13 11 16 4 1 1 1 1 14 12 9 15 11 13 3 10 8 3 16 9 3 12 14 3 8 10 15 2 9 2 6 2 8 2 16 10 6 9 13 7 8 15 6 11 14 10 7 5 6 12 16 13
Cost 9699953
12 10 8 14 15 13 1 1 1 1 8 10 12 7 16 11 3 14 13 3 7 10 3 15 4 3 11 7 4 6 16 14 4 9 7 6 4 11 15 5 12 6 9 13 5 14 16 6 11 5 8 9 12 15 5 10 13 2 8 2 9 2 16 2
Cost 9700789
12 10 8 14 15 13 1 1 1 1 8 10 12 7 16 11 3 14 13 3 7 10 3 15 12 3 11 7 4 6 16 14 4 9 7 6 4 11 15 5 4 6 9 13 5 14 16 6 11 5 8 9 12 15 5 10 13 2 8 2 9 2 16 2
Cost 9847095
8 4 7 12 15 4 10 2 14 2 11 2 13 2 16 12 10 1 1 1 1 11 14 15 9 3 10 12 3 6 16 3 11 9 3 6 14 13 15 5 8 6 9 11 5 7 16 6 8 5 13 9 7 15 5 12 8 4 14 7 10 4 16 13
Cost 9847103
8 4 7 12 15 4 10 2 14 2 11 2 13 2 16 12 10 1 1 1 1 11 14 15 9 13 10 12 3 6 16 3 11 9 3 6 14 3 15 5 8 6 9 11 5 7 16 6 8 5 13 9 7 15 5 12 8 4 14 7 10 4 16 13
Cost 9971331
10 5 11 8 15 14 5 13 9 12 10 8 3 11 16 3 6 9 3 14 10 3 6 15 11 2 9 2 6 2 16 2 13 14 6 11 7 12 15 1 1 1 1 7 4 13 16 14 4 12 7 8 4 15 10 5 4 7 13 8 5 12 16 9
Cost 10072879
6 8 9 14 15 10 6 3 13 8 3 9 6 3 16 10 3 14 6 7 9 13 5 15 12 10 7 5 11 9 16 14 5 7 13 10 12 5 15 11 7 1 1 1 1 14 16 13 12 8 11 4 2 15 2 4 2 8 2 4 12 11 16 4
Cost 10105658
5 12 10 6 15 5 13 11 9 6 5 14 10 12 16 6 4 9 11 8 4 6 10 15 4 12 9 8 4 11 16 13 10 14 7 8 3 12 15 3 11 7 3 8 13 3 16 14 7 1 1 1 1 15 2 7 2 13 2 5 2 14 16 9
Cost 10223837
8 10 3 13 11 15 9 12 14 1 1 1 1 4 16 11 13 4 5 12 7 4 14 5 15 4 11 7 5 13 16 12 6 5 7 10 14 11 6 15 8 7 13 9 6 10 16 2 8 2 6 2 9 2 15 10 8 3 14 12 3 9 16 3
Cost 10240319
4 7 11 3 12 15 3 10 7 3 13 14 3 11 16 7 12 10 8 1 1 1 1 13 15 14 8 10 12 2 16 2 9 2 8 2 13 10 5 15 12 9 8 5 11 6 16 14 5 13 9 6 4 5 15 11 4 6 7 9 4 14 16 6
Cost 10240450
4 7 11 3 4 15 3 10 7 3 13 14 3 11 16 7 12 10 8 1 1 1 1 13 15 14 8 10 12 2 16 2 9 2 8 2 13 10 5 15 12 9 8 5 11 6 16 14 5 13 9 6 12 5 15 11 4 6 7 9 4 14 16 6
Cost 10387817
3 12 10 13 9 15 14 11 1 1 1 1 10 12 16 2 13 2 11 2 14 2 10 4 15 12 7 4 8 13 16 4 10 7 14 4 8 12 5 15 7 9 13 5 8 6 16 7 5 11 9 6 8 5 15 3 14 6 3 9 11 3 16 6
Cost 10387821
3 12 10 3 9 15 14 11 1 1 1 1 10 12 16 2 13 2 11 2 14 2 10 4 15 12 7 4 8 13 16 4 10 7 14 4 8 12 5 15 7 9 13 5 8 6 16 7 5 11 9 6 8 5 15 13 14 6 3 9 11 3 16 6
Cost 10553083
6 2 9 2 11 15 6 3 10 14 3 9 6 3 16 11 3 8 10 12 9 13 5 14 15 8 11 5 10 9 16 12 5 8 13 7 4 5 10 15 4 8 7 12 4 14 16 13 4 7 1 1 1 1 15 12 7 11 6 14 13 2 16 2
Cost 10586447
4 8 9 12 4 15 10 6 4 8 11 9 4 6 16 12 10 14 5 6 9 11 13 5 15 6 10 12 5 9 16 14 2 5 2 13 2 7 2 15 1 1 1 1 7 14 16 3 13 8 3 7 11 3 15 12 3 8 7 14 10 13 16 11
Cost 10605053
11 5 7 10 12 15 5 13 9 7 6 14 3 10 16 3 6 9 3 8 13 3 6 10 15 14 9 8 6 4 16 11 12 4 2 8 2 4 2 15 2 4 11 8 12 13 16 14 1 1 1 1 7 11 15 5 12 10 13 7 5 14 16 9
Cost 11318276
10 2 9 7 13 11 3 15 14 3 7 9 3 5 16 3 11 13 5 6 9 12 14 5 8 6 15 11 5 9 16 6 8 12 10 4 14 6 11 4 8 15 13 4 10 12 16 4 8 1 1 1 1 7 10 13 15 12 14 2 7 2 16 2
Cost 11376137
3 5 13 3 9 12 5 15 4 14 11 7 4 9 16 13 4 12 7 8 4 11 9 14 10 7 15 8 13 12 16 9 7 6 10 8 2 14 2 6 2 15 2 8 10 6 16 1 1 1 1 6 11 13 10 5 15 12 3 14 5 3 16 11
Cost 11442600
3 4 11 3 8 10 3 15 13 3 14 12 8 11 16 10 1 1 1 1 8 13 7 12 14 10 15 5 8 7 16 9 5 6 13 12 7 5 14 6 9 15 5 7 11 6 16 13 2 9 2 6 2 4 2 11 15 4 9 10 14 4 16 12
Cost 11442632
3 4 11 3 8 10 3 15 13 3 14 12 8 11 16 10 1 1 1 1 8 13 7 12 14 10 15 6 8 7 16 9 5 6 13 10 7 5 14 6 9 15 5 7 11 6 16 5 2 9 2 12 2 4 2 11 15 4 9 13 14 4 16 12
Cost 11762529
3 11 7 3 2 12 2 15 2 7 2 13 11 14 16 10 6 12 1 1 1 1 6 11 13 10 15 14 6 12 16 8 4 9 6 10 4 13 5 8 4 15 9 5 4 10 16 8 5 14 13 9 7 5 11 8 15 12 3 7 9 3 16 14
Cost 12227471
5 2 14 2 9 5 13 11 15 8 5 10 12 9 16 5 14 8 11 13 3 10 6 3 12 8 3 15 6 3 16 10 13 8 6 4 12 7 14 4 6 10 15 4 7 13 16 4 12 11 9 7 14 1 1 1 1 15 7 9 11 2 16 2
Cost 12236360
5 12 10 6 7 5 11 8 15 6 14 7 10 12 16 6 9 11 7 13 3 6 10 3 14 9 3 15 11 3 16 2 13 2 9 2 4 2 14 11 4 12 15 9 4 13 16 8 4 1 1 1 1 12 5 8 10 15 13 5 14 7 16 8
Cost 12351282
14 4 11 9 3 4 10 3 15 4 3 12 9 3 16 13 10 1 1 1 1 9 14 12 5 6 10 15 13 5 16 6 8 11 5 12 14 6 7 5 8 13 15 6 11 7 16 2 8 2 14 2 7 2 13 11 8 15 9 7 10 4 16 12
Cost 12415418
4 10 7 8 3 13 9 3 15 7 3 10 14 3 16 9 7 11 13 1 1 1 1 7 9 12 14 15 11 6 16 13 2 9 2 6 2 12 2 11 14 6 15 8 13 10 16 6 5 12 11 8 4 5 14 10 4 15 5 8 4 12 16 5
Cost 12515961
8 12 9 14 1 1 1 1 8 15 13 9 10 12 16 3 8 14 3 7 9 3 10 13 3 12 7 11 15 5 16 14 10 7 5 6 13 12 11 5 7 6 10 15 5 14 16 6 2 11 2 4 2 6 2 4 8 9 15 4 11 13 16 4
Cost 12770443
6 2 14 2 9 2 6 2 11 15 7 12 6 9 16 10 14 7 6 11 3 13 9 3 7 10 3 5 15 3 16 7 5 8 13 10 4 5 14 12 4 8 5 15 4 10 16 13 4 8 11 12 14 1 1 1 1 8 15 9 13 11 16 12
Cost 12826129
8 5 10 6 11 13 5 12 9 15 14 5 10 7 16 11 5 9 13 2 7 2 10 2 14 2 11 7 15 4 16 13 10 4 7 12 3 4 14 3 8 4 3 15 13 3 16 12 8 6 1 1 1 1 9 6 8 11 15 12 14 6 16 9
Cost 12891575
8 3 9 12 3 13 7 3 8 15 3 9 10 4 16 12 8 4 13 14 9 4 10 6 8 4 11 12 15 6 16 13 10 14 2 6 2 11 2 12 2 6 10 15 13 5 16 14 11 7 5 1 1 1 1 5 7 9 15 11 5 14 16 7
Cost 12916833
5 11 9 14 12 5 10 8 7 15 13 9 11 6 16 7 10 14 3 6 9 3 7 11 3 6 10 3 15 7 16 6 12 4 11 13 2 4 2 14 2 4 2 15 12 4 16 8 13 1 1 1 1 14 5 8 12 9 15 5 10 13 16 8
Cost 12916836
5 11 9 14 12 5 10 6 7 15 13 9 11 6 16 7 10 14 3 6 9 3 7 11 3 6 10 3 15 7 16 14 12 4 11 13 2 4 2 8 2 4 2 15 12 4 16 8 13 1 1 1 1 14 5 8 12 9 15 5 10 13 16 8
Cost 12916852
5 7 9 14 12 5 10 8 7 15 13 9 11 6 16 7 10 14 3 6 9 3 7 11 3 6 10 3 15 4 16 6 12 4 11 13 2 4 2 14 2 4 2 15 12 11 16 8 13 1 1 1 1 14 5 8 12 9 15 5 10 13 16 8
Cost 12916856
5 7 9 14 12 5 10 6 7 15 13 9 11 6 16 7 10 14 3 6 9 3 7 11 3 6 10 3 15 4 16 14 12 4 11 13 2 4 2 8 2 4 2 15 12 11 16 8 13 1 1 1 1 14 5 8 12 9 15 5 10 13 16 8
Cost 13207424
8 2 11 2 10 2 9 2 8 13 15 12 14 11 16 9 8 1 1 1 1 6 13 12 11 3 14 6 3 15 16 3 5 6 3 13 7 5 10 6 14 4 5 7 15 4 16 5 10 4 7 12 9 4 14 11 8 7 10 15 13 9 16 12
Cost 13246583
7 4 11 12 8 4 14 13 9 4 15 10 8 11 16 12 3 9 5 3 14 10 3 5 11 3 9 12 5 15 16 10 13 5 14 11 6 1 1 1 1 10 6 7 15 13 16 2 6 2 7 2 8 2 6 12 14 7 13 15 8 4 16 9
Cost 13430778
4 8 10 6 4 11 7 12 9 6 15 14 10 7 16 6 11 9 5 12 7 6 10 5 13 14 9 7 5 15 16 12 10 5 2 9 2 13 2 14 2 8 3 12 15 3 16 11 3 8 13 3 1 1 1 1 4 8 11 15 4 14 16 13
Cost 13523824
7 12 1 1 1 1 14 4 9 13 15 4 11 12 16 4 8 9 10 4 14 6 13 11 8 12 5 6 10 15 16 5 8 6 11 13 5 12 10 6 8 5 14 7 15 11 16 2 10 2 7 2 3 2 9 3 14 7 3 15 13 3 16 9
Runtime 12s
Final cost 13588595
Solutions 116
